-0.0094114
-0.0151604
-0.0006164
-0.0758044
-0.0408444
0.0008324
-0.0496804
0.0028634
-0.0281104
0.0148404
-0.0192324
-0.0194814
-0.0266824
-0.0001504
-0.0299014
0.0050634
-0.0548334
-0.0510064
0.0081444
-0.0267694
-0.0410654
-0.0453364
-0.0236574
-0.0569864
-0.0005054
-0.0126834
-0.0154424
-0.0495884
-0.0140074
-0.0099574
0.0183054
0.0064454
0.0203544
0.0140384
-0.0154074
-0.0508014
-0.0301284
-0.0113834
-0.0080024
0.0197944
-0.0449034
-0.0392014
-0.0075184
-0.0035634
-0.0456614
-0.0079094
-0.0336564
0.0244224
-0.0020924
-0.0057744
0.0008314
-0.0088304
-0.0333514
-0.0197974
-0.0111634
0.0071244
-0.0370514
-0.0353414
-0.0306394
0.0324674
-0.0289324
-0.0083024
-0.0043244
-0.0465574
0.0061504
-0.0332844
-0.0138984
0.0103084
-0.0129644
0.0019644
-0.0529554
-0.0073924
-0.0322054
-0.0225504
-0.0131544
-0.0489284
-0.0170524
0.0067434
0.0300524
-0.0189704
-0.0222994
-0.0161654
0.0809264
-0.0404454
-0.0198624
-0.0074174
-0.0043024
0.0140824
-0.0281624
0.0020004
-0.0236494
-0.0102854
-0.0255204
-0.0903394
-0.0080304
-0.0229064
0.0130944
-0.0169194
-0.0028644
-0.0179244
-0.0308204
-0.0258994
-0.0115174
-0.0126314
-0.0519694
-0.0303064
-0.0222544
0.0182394
-0.0318964
-0.0083654
-0.0164734
0.0408114
-0.0168234
-0.0536554
0.0132634
-0.0010814
-0.0303764
0.0097424
-0.0069504
-0.0341154
-0.0222804
-0.0095554
-0.0348974
-0.0280094
-0.0166564
-0.0408384
-0.0041944
-0.0606584
-0.0149504
-0.0046074
0.0051684
0.0002604
-0.0140604
-0.0350684
-0.0239544
-0.0338474
-0.0268864
-0.0343874
0.0159354
0.0303414
0.0405784
-0.0380964
0.0032964
-0.0518794
-0.0104054
-0.0010594
-0.0244224
-0.0331654
-0.0161564
-0.0188654
-0.0105874
-0.0308514
-0.0323764
-0.0026144
-0.0655134
-0.0465134
-0.0174964
-0.0077854
-0.0115934
0.0000404
-0.0010074
-0.0195004
-0.0271504
-0.0213654
-0.0553724
-0.0094174
-0.0819544
-0.0681084
-0.0344034
-0.0099634
0.0252224
0.0059964
0.0205294
-0.0220094
-0.0003684
0.0134094
-0.0268354
-0.0018544
0.0113034
-0.0414594
0.0311804
-0.0378544
-0.0218334
-0.0332964
-0.0103204
-0.0426604
-0.0006774
-0.0319234
-0.0207244
-0.0069814
-0.0084814
-0.0402824
-0.0928034
-0.0390844
-0.0249274
-0.0531564
-0.0288334
0.0455094
-0.0044394
-0.0122414
-0.0441404
-0.0240464
-0.0007834
0.0374254
-0.0449094
-0.0226444
0.0088194
-0.0295054
-0.0045214
-0.0044014
-0.0115394
0.0074404
-0.0027784
0.0432664
-0.0331154
-0.0313794
-0.0343694
0.0127454
-0.0355124
-0.0141874
-0.0471204
-0.0487844
-0.0256204
-0.0242564
0.0339874
-0.0178674
-0.0406654
-0.0313314
-0.0147304
-0.0182364
-0.0172634
-0.0135514
-0.0097204
-0.0417464
-0.0228734
0.0036924
-0.0416834
-0.0390934
0.0167744
-0.0311404
-0.0155484
0.0061184
-0.0182494
-0.0218324
-0.0076924
-0.0340634
-0.0164864
-0.0594954
-0.0073034
-0.0056234
-0.0458304
-0.0300764
0.0168174
-0.0070824
0.0022044
-0.0407734
0.0100064
-0.0521624
-0.0254774
-0.0091994
-0.0215864
-0.0165414
0.0033464
-0.0008184
-0.0215874
-0.0154574
-0.0552274
0.0090184
0.0057854
-0.0100524
-0.0005504
-0.0135584
0.0177844
-0.0295974
-0.0476644
0.0464454
0.0086444
0.0124754
-0.0220304
-0.0058604
-0.0295594
-0.0121764
-0.0135674
0.0077584
-0.0288784
-0.0035454
-0.0218914
-0.0170124
-0.0823044
0.0203644
0.0122644
-0.0515234
-0.0343504
0.0299444
-0.0214254
-0.0089554
-0.0283964
-0.0372714
0.0000194
-0.0216684
-0.0006424
-0.0178604
-0.0508014
-0.0490814
0.0362574
-0.0085894
-0.0268584
-0.0053804
-0.0029044
-0.0219194
-0.0011404
-0.0680434
0.0184944
0.0045464
-0.0031634
-0.0366014
0.0135874
0.0233034
0.0346414
-0.0416924
-0.0542214
-0.0274104
-0.0297324
-0.0070544
0.0238344
-0.0332484
0.0090134
-0.0254034
-0.0031044
0.0256474
0.0060934
-0.0667234
-0.0380754
-0.0462114
-0.0549604
-0.0048384
-0.0192654
-0.0206244
-0.0026964
-0.0101454
-0.0410974
-0.0433254
-0.0667104
-0.0177074
0.0325004
-0.0204154
-0.0436234
-0.0325494
-0.0437644
-0.0195534
-0.0353714
-0.0235314
-0.0379634
-0.0095254
-0.0216164
0.0019844
-0.0554024
-0.0154734
0.0605314
-0.0283594
-0.0094074
-0.0623284
-0.0246664
-0.0091544
0.0235874
-0.0391694
-0.0227204
0.0076874
-0.0642224
-0.0179064
-0.0074564
-0.0430774
-0.0630954
0.0085114
-0.0202824
-0.0518504
-0.0145744
-0.0212674
0.0180064
-0.0128354
-0.0036964
-0.0365954
-0.0036314
-0.0237484
-0.0278554
-0.0192714
-0.0032974
-0.0007424
0.0274114
0.0534904
0.0303624
-0.0061524
-0.0165814
-0.0104234
-0.0091294
-0.0364644
-0.0270654
-0.0070434
0.0199114
-0.0637034
-0.0000764
-0.0366314
-0.0319054
-0.0245514
-0.0233644
-0.0140544
0.0182144
0.0294944
-0.0609734
-0.0159114
-0.0243904
-0.0070834
-0.0754334
0.0158524
-0.0347834
0.0139914
0.0088904
-0.0582264
0.0087964
-0.0552954
0.0517094
0.0089224
0.0182034
-0.0490454
-0.0126664
0.0020854
0.0090294
0.0296844
-0.0346224
0.0030004
-0.0360564
-0.0252354
-0.0070214
-0.0367174
-0.0100644
-0.0580944
0.0034414
0.0055504
-0.0184834
-0.0003344
0.0085564
0.0313604
-0.0106404
-0.0391564
-0.0354384
0.0396644
-0.0207624
-0.0177234
0.0118174
-0.0257124
-0.0224734
0.0151814
0.0012234
-0.0226234
-0.0466114
-0.0155194
0.0313914
-0.0078334
-0.0299004
-0.0055514
0.0217914
-0.0229054
-0.0091044
-0.0263284
0.0008714
0.0015864
-0.0131004
-0.0146794
0.0203624
-0.0814064
-0.0387064
-0.0129124
-0.0361784
0.0120424
-0.0400754
-0.0022444
-0.0112214
-0.0087194
-0.0059624
-0.0443284
0.0062594
0.0167794
-0.0190524
-0.0254844
-0.0204824
0.0126864
0.0172084
-0.0015484
-0.0278584
-0.0159304
0.0378424
-0.0167504
-0.0491114
-0.0508584
-0.0103704
-0.0541284
-0.0160794
-0.0150244
-0.0010484
-0.0028254
-0.0184764
-0.0207494
0.0063314
-0.0389294
-0.0145444
0.0212374
-0.0315284
0.0239174
-0.0680284
-0.0033224
-0.0265834
0.0078654
0.0008964
-0.0253114
-0.0107044
-0.0078484
-0.0116684
0.0028904
-0.0084844
-0.0362894
-0.0046384
-0.0070774
-0.0417694
-0.0246674
-0.0052204
-0.0106684
-0.0509454
0.0061064
-0.0159464
-0.0171884
-0.0106034
-0.0131604
-0.0406894
-0.0114994
-0.0419934
-0.0323064
0.0158134
-0.0041014
-0.0095584
-0.0097004
-0.0469174
-0.0217404
0.0061014
0.0046544
-0.0232714
-0.0323164
-0.0082154
-0.0248704
-0.0103184
-0.0543224
-0.0467044
-0.0312904
0.0106854
-0.0164744
-0.0121194
-0.0124324
-0.0434314
0.0339734
-0.0142564
-0.0040094
-0.0146534
-0.0079694
-0.0212334
-0.0219804
-0.0194634
-0.0442724
-0.0122354
0.0023044
0.0264184
-0.0171834
0.0027494
-0.0166104
-0.0325934
-0.0260024
-0.0251544
-0.0400304
-0.0093834
0.0073904
-0.0237814
-0.0350804
-0.0180844
-0.0203394
-0.0340604
-0.0201754
-0.0366214
-0.0116944
-0.0075494
-0.0008794
-0.0522004
-0.0191314
-0.0301294
-0.0057354
-0.0224874
-0.0430704
-0.0423854
-0.0478194
0.0065304
-0.0140354
0.0017454
0.0543934
-0.0118904
-0.0637134
-0.0057514
0.0173614
-0.0386744
-0.0171344
-0.0610054
0.0088894
-0.0394154
0.0026914
0.0193494
-0.0096394
-0.0074454
0.0178274
-0.0263444
-0.0449024
-0.0413444
-0.0077334
-0.0393354
-0.0088844
0.0059704
-0.0495214
-0.0084844
0.0771954
0.0262294
-0.0585534
-0.0044304
-0.0395124
-0.0320494
-0.0457914
-0.0047174
-0.0177164
-0.0081444
-0.0492044
-0.0151944
-0.0558254
-0.0074914
0.0662434
-0.0169224
-0.0357974
-0.0358874
-0.0432444
-0.0406744
0.0365084
0.0191964
-0.0069984
0.0317174
-0.0302654
-0.0454674
-0.0443294
-0.0003174
-0.0244314
0.0072634
0.0013084
-0.0042634
0.0122044
0.0213504
-0.0182324
-0.0415524
-0.0257104
-0.0231904
0.0190994
-0.0320704
0.0174204
-0.0422264
-0.0356524
0.0253654
-0.0350304
-0.0005904
-0.0133224
-0.0376004
-0.0125414
-0.0097914
0.0049344
0.0020174
-0.0477184
0.0006644
-0.0068384
-0.0026614
-0.0286384
0.0186654
-0.0275054
-0.0378414
-0.0314234
0.0118274
0.0297024
-0.0059834
-0.0195404
-0.0122444
-0.0206044
-0.0152204
0.0093564
-0.0124924
0.0299774
-0.0280914
0.0107454
-0.0524544
0.0015374
-0.0364304
-0.0074414
-0.0056794
-0.0523944
0.0072634
-0.0162364
-0.0610224
-0.0059154
0.0114874
-0.0091644
0.0003364
0.0022674
-0.0091124
-0.0124414
-0.0398144
0.0072564
-0.0051504
-0.0178234
-0.0023614
-0.0244604
-0.0537414
-0.0080064
-0.0125604
0.0018884
-0.0058044
-0.0496964
-0.0410074
-0.0291804
-0.0159204
-0.0282754
0.0001334
-0.0411184
-0.0355094
0.0160544
-0.0144024
0.0275064
-0.0179624
-0.0588094
-0.0501724
-0.0227634
-0.0279274
-0.0131214
0.0120944
-0.0090474
-0.0514314
-0.0301664
-0.0124984
-0.0156684
-0.0252224
-0.0109184
-0.0634554
-0.0490714
0.0015624
-0.0186294
-0.0273554
0.0250324
0.0688134
0.0034254
-0.0085824
-0.0308524
-0.0041034
-0.0072034
0.0110254
-0.0100124
0.0229004
0.0098914
-0.0356364
0.0018284
-0.0343814
-0.1005104
-0.0079754
0.0100304
-0.0369004
-0.0568064
-0.0112444
-0.0173714
-0.0028604
-0.0330134
-0.0248894
-0.0121294
-0.0296824
0.0373214
-0.0475054
-0.0208384
-0.0440974
0.0176354
-0.0645714
-0.0324914
-0.0372874
-0.0627014
-0.0269384
-0.0002804
-0.0430864
-0.0484174
-0.0139864
-0.0003374
-0.0152524
-0.0136514
-0.0405214
-0.0220734
-0.0088364
0.0215514
-0.0013214
-0.0137124
-0.0647904
-0.0192294
-0.0163714
-0.0586004
-0.0056064
-0.0350244
-0.0479604
-0.0098704
-0.0383914
0.0224374
-0.0071004
-0.0090864
0.0451814
0.0075874
-0.0260934
0.0000144
-0.0213384
-0.0029154
-0.0086954
0.0079214
-0.0115564
-0.0468154
-0.1004474
-0.0172214
-0.0048784
0.0011204
-0.0045794
-0.0284244
0.0174964
-0.0349554
0.0049094
-0.0225754
0.0486224
-0.0166814
-0.0237724
-0.0082394
0.0289164
-0.0164764
-0.0275114
0.0061904
-0.0116774
-0.0246654
-0.0079964
-0.0337124
-0.0098894
-0.0212544
-0.0359704
0.0257484
-0.0027694
-0.0209784
-0.0168394
-0.0119614
-0.0000874
-0.0063044
-0.0076534
-0.0349384
-0.0245154
-0.0193174
-0.0126514
-0.0083084
-0.0452094
-0.0522814
-0.0686284
-0.0082704
0.0393114
-0.0426554
-0.0046514
-0.0008644
-0.0369154
-0.0084294
-0.0148934
-0.0131904
-0.0326004
-0.0919534
-0.0113944
-0.0320524
0.0124014
0.0153294
-0.0365234
0.0015944
-0.0089794
-0.0111234
0.0325084
0.0094584
0.0224304
-0.0386704
-0.0432904
-0.0219964
0.0118364
-0.0091504
-0.0114864
-0.0156274
-0.0096804
0.0043834
0.0010004
-0.0123274
-0.0169554
0.0248844
-0.0426664
-0.0246054
-0.0042964
0.0007304
-0.0094934
-0.0242884
-0.0060964
-0.0212224
-0.0012254
-0.0137884
-0.0074484
-0.0656944
-0.0657704
-0.0063624
-0.0238574
-0.0555464
-0.0016734
-0.0400224
-0.0111824
0.0622044
-0.0129724
0.0011994
-0.0159934
0.0217604
-0.0356464
-0.0194654
0.0203394
-0.0285004
0.0279724
0.0273574
0.0062984
-0.0074354
-0.0012174
0.0019194
0.0024874
-0.0297974
-0.0353954
0.0377034
-0.0405654
-0.0254484
0.0005754
-0.0128724
-0.1174714
-0.0323514
0.0198764
-0.0250404
0.0136594
-0.0262434
-0.0010584
-0.0207944
0.0093914
-0.0459434
-0.0689954
-0.0274804
-0.0193634
-0.0258044
0.0277654
0.0323664
-0.0546984
-0.0103224
-0.0059714
-0.0109794
-0.0006324
-0.0311634
-0.0367354
-0.0238874
-0.0024634
0.0224454
-0.0329854
-0.0228404
-0.0259854
-0.0168654
-0.0361024
-0.0297344
-0.0262084
-0.0242544
-0.0102734
0.0123554
0.0431354
-0.0607944
-0.0804244
0.0292754
0.0092284
-0.0226714
-0.0230754
-0.0196214
0.0187414
-0.0316324
0.0012124
0.0061484
-0.0457984
0.0065324
-0.0312694
-0.0515614
-0.0295974
-0.0088034
-0.0162374
0.0159984
-0.0336434
-0.0146924
-0.0042364
-0.0058304
-0.0428724
-0.0129284
-0.0106964
-0.0220274
-0.0084954
-0.0297974
0.0296814
0.0151964
-0.0509384
-0.0273504
-0.0291354
-0.0626754
0.0177674
-0.0153544
0.0553294
0.0140774
-0.0131604
-0.0122104
-0.0120474
-0.0283624
-0.0302264
-0.0467024
