0.0000004
0.0000004
0.0000004
0.0000004
0.0000004
0.0000004
0.0000004
0.0000004
0.0000004
0.0000004
0.0000004
0.0000004
0.0000004
0.0000004
0.0000004
0.0000004
0.0000004
0.0000004
0.0000004
0.0000004
0.0000004
0.0000004
0.0000004
0.0000004
0.0000004
0.0000004
0.0000004
0.0000004
0.0000004
0.0000004
0.0000004
0.0000004
0.0000004
0.0000004
0.0000004
0.0000004
0.0000004
0.0000004
0.0000004
0.0000004
0.0000004
0.0000004
0.0000004
0.0000004
0.0000004
0.0000004
0.0000004
0.0000004
0.0000004
0.0000004
0.0000004
0.0000004
0.0000004
0.0000004
0.0000004
0.0000004
0.0000004
0.0000004
0.0000004
0.0000004
0.0000004
0.0000004
0.0000004
0.0000004
0.0000004
0.0000004
0.0000004
0.0000004
0.0000004
0.0000004
0.0000004
0.0000004
0.0000004
0.0000004
0.0000004
0.0000004
0.0000004
0.0000004
0.0000004
0.0000004
0.0000004
0.0000004
0.0000004
0.0000004
0.0000004
0.0000004
0.0000004
0.0000004
0.0000004
0.0000004
0.0000004
0.0000004
0.0000004
0.0000004
0.0000004
0.0000004
0.0000004
0.0000004
0.0000004
0.0000004
0.0000004
0.0000004
0.0000004
0.0000004
0.0000004
0.0000004
0.0000004
0.0000004
0.0000004
0.0000004
0.0000004
0.0000004
0.0000004
0.0000004
0.0000004
0.0000004
0.0000004
0.0000004
0.0000004
0.0000004
0.0000004
0.0000004
0.0000004
0.0000004
0.0000004
0.0000004
0.0000004
0.0000004
0.0000004
0.0000004
0.0000004
0.0000004
0.0000004
0.0000004
0.0000004
0.0000004
0.0000004
0.0000004
0.0000004
0.0000004
0.0000004
0.0000004
0.0000004
0.0000004
0.0000004
0.0000004
0.0000004
0.0000004
0.0000004
0.0000004
0.0000004
0.0000004
0.0117654
0.0705884
0.0705884
0.0705884
0.4941184
0.5333334
0.6862754
0.1019614
0.6509804
1.0000004
0.9686274
0.4980394
0.0000004
0.0000004
0.0000004
0.0000004
0.0000004
0.0000004
0.0000004
0.0000004
0.0000004
0.0000004
0.0000004
0.0000004
0.1176474
0.1411764
0.3686274
0.6039224
0.6666674
0.9921574
0.9921574
0.9921574
0.9921574
0.9921574
0.8823534
0.6745104
0.9921574
0.9490204
0.7647064
0.2509804
0.0000004
0.0000004
0.0000004
0.0000004
0.0000004
0.0000004
0.0000004
0.0000004
0.0000004
0.0000004
0.0000004
0.1921574
0.9333334
0.9921574
0.9921574
0.9921574
0.9921574
0.9921574
0.9921574
0.9921574
0.9921574
0.9843144
0.3647064
0.3215694
0.3215694
0.2196084
0.1529414
0.0000004
0.0000004
0.0000004
0.0000004
0.0000004
0.0000004
0.0000004
0.0000004
0.0000004
0.0000004
0.0000004
0.0000004
0.0705884
0.8588244
0.9921574
0.9921574
0.9921574
0.9921574
0.9921574
0.7764714
0.7137254
0.9686274
0.9450984
0.0000004
0.0000004
0.0000004
0.0000004
0.0000004
0.0000004
0.0000004
0.0000004
0.0000004
0.0000004
0.0000004
0.0000004
0.0000004
0.0000004
0.0000004
0.0000004
0.0000004
0.0000004
0.3137254
0.6117654
0.4196084
0.9921574
0.9921574
0.8039224
0.0431374
0.0000004
0.1686274
0.6039224
0.0000004
0.0000004
0.0000004
0.0000004
0.0000004
0.0000004
0.0000004
0.0000004
0.0000004
0.0000004
0.0000004
0.0000004
0.0000004
0.0000004
0.0000004
0.0000004
0.0000004
0.0000004
0.0000004
0.0549024
0.0039224
0.6039224
0.9921574
0.3529414
0.0000004
0.0000004
0.0000004
0.0000004
0.0000004
0.0000004
0.0000004
0.0000004
0.0000004
0.0000004
0.0000004
0.0000004
0.0000004
0.0000004
0.0000004
0.0000004
0.0000004
0.0000004
0.0000004
0.0000004
0.0000004
0.0000004
0.0000004
0.0000004
0.0000004
0.5450984
0.9921574
0.7450984
0.0078434
0.0000004
0.0000004
0.0000004
0.0000004
0.0000004
0.0000004
0.0000004
0.0000004
0.0000004
0.0000004
0.0000004
0.0000004
0.0000004
0.0000004
0.0000004
0.0000004
0.0000004
0.0000004
0.0000004
0.0000004
0.0000004
0.0000004
0.0000004
0.0000004
0.0431374
0.7450984
0.9921574
0.2745104
0.0000004
0.0000004
0.0000004
0.0000004
0.0000004
0.0000004
0.0000004
0.0000004
0.0000004
0.0000004
0.0000004
0.0000004
0.0000004
0.0000004
0.0000004
0.0000004
0.0000004
0.0000004
0.0000004
0.0000004
0.0000004
0.0000004
0.0000004
0.0000004
0.0000004
0.1372554
0.9450984
0.8823534
0.6274514
0.4235294
0.0039224
0.0000004
0.0000004
0.0000004
0.0000004
0.0000004
0.0000004
0.0000004
0.0000004
0.0000004
0.0000004
0.0000004
0.0000004
0.0000004
0.0000004
0.0000004
0.0000004
0.0000004
0.0000004
0.0000004
0.0000004
0.0000004
0.0000004
0.0000004
0.3176474
0.9411764
0.9921574
0.9921574
0.4666674
0.0980394
0.0000004
0.0000004
0.0000004
0.0000004
0.0000004
0.0000004
0.0000004
0.0000004
0.0000004
0.0000004
0.0000004
0.0000004
0.0000004
0.0000004
0.0000004
0.0000004
0.0000004
0.0000004
0.0000004
0.0000004
0.0000004
0.0000004
0.0000004
0.1764714
0.7294124
0.9921574
0.9921574
0.5882354
0.1058824
0.0000004
0.0000004
0.0000004
0.0000004
0.0000004
0.0000004
0.0000004
0.0000004
0.0000004
0.0000004
0.0000004
0.0000004
0.0000004
0.0000004
0.0000004
0.0000004
0.0000004
0.0000004
0.0000004
0.0000004
0.0000004
0.0000004
0.0000004
0.0627454
0.3647064
0.9882354
0.9921574
0.7333334
0.0000004
0.0000004
0.0000004
0.0000004
0.0000004
0.0000004
0.0000004
0.0000004
0.0000004
0.0000004
0.0000004
0.0000004
0.0000004
0.0000004
0.0000004
0.0000004
0.0000004
0.0000004
0.0000004
0.0000004
0.0000004
0.0000004
0.0000004
0.0000004
0.0000004
0.9764714
0.9921574
0.9764714
0.2509804
0.0000004
0.0000004
0.0000004
0.0000004
0.0000004
0.0000004
0.0000004
0.0000004
0.0000004
0.0000004
0.0000004
0.0000004
0.0000004
0.0000004
0.0000004
0.0000004
0.0000004
0.0000004
0.0000004
0.0000004
0.0000004
0.1803924
0.5098044
0.7176474
0.9921574
0.9921574
0.8117654
0.0078434
0.0000004
0.0000004
0.0000004
0.0000004
0.0000004
0.0000004
0.0000004
0.0000004
0.0000004
0.0000004
0.0000004
0.0000004
0.0000004
0.0000004
0.0000004
0.0000004
0.0000004
0.0000004
0.0000004
0.1529414
0.5803924
0.8980394
0.9921574
0.9921574
0.9921574
0.9803924
0.7137254
0.0000004
0.0000004
0.0000004
0.0000004
0.0000004
0.0000004
0.0000004
0.0000004
0.0000004
0.0000004
0.0000004
0.0000004
0.0000004
0.0000004
0.0000004
0.0000004
0.0000004
0.0000004
0.0941184
0.4470594
0.8666674
0.9921574
0.9921574
0.9921574
0.9921574
0.7882354
0.3058824
0.0000004
0.0000004
0.0000004
0.0000004
0.0000004
0.0000004
0.0000004
0.0000004
0.0000004
0.0000004
0.0000004
0.0000004
0.0000004
0.0000004
0.0000004
0.0000004
0.0000004
0.0901964
0.2588244
0.8352944
0.9921574
0.9921574
0.9921574
0.9921574
0.7764714
0.3176474
0.0078434
0.0000004
0.0000004
0.0000004
0.0000004
0.0000004
0.0000004
0.0000004
0.0000004
0.0000004
0.0000004
0.0000004
0.0000004
0.0000004
0.0000004
0.0000004
0.0000004
0.0705884
0.6705884
0.8588244
0.9921574
0.9921574
0.9921574
0.9921574
0.7647064
0.3137254
0.0352944
0.0000004
0.0000004
0.0000004
0.0000004
0.0000004
0.0000004
0.0000004
0.0000004
0.0000004
0.0000004
0.0000004
0.0000004
0.0000004
0.0000004
0.0000004
0.0000004
0.2156864
0.6745104
0.8862754
0.9921574
0.9921574
0.9921574
0.9921574
0.9568634
0.5215694
0.0431374
0.0000004
0.0000004
0.0000004
0.0000004
0.0000004
0.0000004
0.0000004
0.0000004
0.0000004
0.0000004
0.0000004
0.0000004
0.0000004
0.0000004
0.0000004
0.0000004
0.0000004
0.0000004
0.5333334
0.9921574
0.9921574
0.9921574
0.8313734
0.5294124
0.5176474
0.0627454
0.0000004
0.0000004
0.0000004
0.0000004
0.0000004
0.0000004
0.0000004
0.0000004
0.0000004
0.0000004
0.0000004
0.0000004
0.0000004
0.0000004
0.0000004
0.0000004
0.0000004
0.0000004
0.0000004
0.0000004
0.0000004
0.0000004
0.0000004
0.0000004
0.0000004
0.0000004
0.0000004
0.0000004
0.0000004
0.0000004
0.0000004
0.0000004
0.0000004
0.0000004
0.0000004
0.0000004
0.0000004
0.0000004
0.0000004
0.0000004
0.0000004
0.0000004
0.0000004
0.0000004
0.0000004
0.0000004
0.0000004
0.0000004
0.0000004
0.0000004
0.0000004
0.0000004
0.0000004
0.0000004
0.0000004
0.0000004
0.0000004
0.0000004
0.0000004
0.0000004
0.0000004
0.0000004
0.0000004
0.0000004
0.0000004
0.0000004
0.0000004
0.0000004
0.0000004
0.0000004
0.0000004
0.0000004
0.0000004
0.0000004
0.0000004
0.0000004
0.0000004
0.0000004
0.0000004
0.0000004
0.0000004
0.0000004
0.0000004
0.0000004
0.0000004
0.0000004
0.0000004
0.0000004
0.0000004
0.0000004
0.0000004
0.0000004
0.0000004
0.0000004
0.0000004
0.0000004
0.0000004
0.0000004
0.0000004
0.0000004
