-0.0012574
-0.3459214
-0.3172074
-0.1025774
0.1183494
0.1992524
0.1855834
-0.0619554
0.1278764
0.0270624
0.2351554
-0.1154074
-0.0491654
0.0649554
-0.2652634
0.2286234
0.0012154
-0.1111744
0.1499154
-0.1127024
-0.0960254
0.1358594
0.1068434
0.1619284
0.0150304
0.0765464
-0.1129384
-0.2054894
0.1651244
0.0949044
-0.0651774
-0.5096774
0.2206994
0.2088184
0.0292064
-0.3474424
-0.0257494
0.0935974
-0.2787974
0.0061084
0.1130324
-0.3617204
-0.1980274
-0.4435924
-0.1668134
0.0698324
0.0956914
0.2895074
-0.0591274
-0.0900934
0.1239664
-0.1488544
-0.2052684
-0.0059094
-0.2456714
-0.0984044
0.1216134
-0.2750374
-0.0317224
0.0937454
-0.2346654
0.0350324
0.2621434
0.0943444
-0.0193064
0.2169284
0.1031334
0.1739784
0.0255264
-0.3698814
-0.2629454
-0.0651474
0.2228344
-0.2152974
-0.1460124
0.1038974
0.0351394
-0.3672424
0.1888494
0.2262434
-0.0579124
-0.3251364
-0.1196424
0.0983454
0.1332984
0.3348354
0.0016644
0.0972694
-0.1572044
-0.2285734
-0.2704204
-0.2748014
-0.2113424
0.2509274
0.0191274
-0.1279194
0.1718104
0.1168914
0.0900374
0.1304534
0.1132374
0.2947824
0.1961194
0.0435374
-0.0774534
-0.3123934
-0.2632604
-0.1949404
0.1475064
0.0551044
-0.0596304
-0.1091844
0.0694824
0.0328264
0.0097634
-0.1084514
-0.0605954
0.2798664
0.2426064
-0.1546254
0.1260484
0.1321384
-0.2334094
0.1357984
-0.2410874
-0.4179184
-0.3242474
0.0751094
0.2346614
-0.2180184
0.1018564
0.2263884
-0.1771054
0.2347714
-0.1237544
-0.0522534
0.1174744
-0.3308604
0.2077334
-0.1927094
-0.1257094
-0.0134644
0.1822354
0.1523624
