0.0337984
-0.1113954
-0.1056674
-0.1096384
-0.1138744
-0.0381814
0.0788794
0.1549644
-0.0157044
-0.0231144
-0.0563184
-0.0186824
-0.1654944
-0.0440454
0.0103994
-0.2770764
0.0319564
0.1444124
-0.0339354
0.1701294
0.0666404
-0.2133374
-0.1585964
-0.0451414
-0.0118124
0.0489354
0.0002034
0.0283434
0.2434124
-0.0296734
0.0499394
0.2647834
0.0930934
-0.0584824
0.1252284
-0.2188214
-0.2418364
-0.1408314
-0.1229174
-0.2153714
-0.0043124
-0.1883704
-0.1201744
-0.1739884
-0.0192974
0.1598514
0.0547644
0.1518604
0.0614914
0.0150244
-0.0704224
-0.1819484
-0.0156304
-0.3086234
-0.0808594
0.1454234
-0.0577064
-0.1271364
-0.0658954
0.0145764
0.2151904
0.1313784
-0.0067904
0.1758604
0.1690174
-0.0453094
-0.0584034
0.2297724
0.1697564
-0.3432914
-0.2123764
-0.3996374
-0.0760834
-0.0305784
0.1153604
-0.0748324
-0.1110964
-0.0813614
-0.0309294
-0.0558134
-0.0450134
-0.1151644
0.1250794
0.2931834
-0.0353624
-0.0635644
-0.0168334
0.0807404
0.0300564
-0.0514574
-0.0408614
0.0789444
-0.0558004
0.1110404
0.0894054
-0.1093244
0.0073964
0.1296144
0.1938154
-0.0344544
0.0229844
-0.0061874
0.1223514
0.2244554
0.1151644
-0.0285704
-0.1485924
-0.2840034
-0.0519064
0.0437744
0.0902454
-0.0882574
-0.1079314
-0.0489404
-0.1195904
0.0387364
-0.1141294
-0.1280854
0.1083834
0.0003614
0.0392944
0.0891624
-0.1068554
-0.0802474
-0.2001204
-0.0158484
-0.1050614
0.0239184
-0.0593584
-0.1051144
-0.0855774
0.0990504
0.1785204
0.0051204
0.0074864
0.0666524
0.0319094
0.0319864
-0.1309554
0.0165704
-0.1111624
-0.1920434
0.0820564
0.0518534
-0.0790094
-0.1537774
0.0538744
0.0834334
-0.0994454
-0.0568944
-0.0660274
-0.0681564
-0.0472174
-0.0683364
-0.1025964
0.0893424
-0.1312734
-0.1891634
0.1116724
-0.2946114
-0.0489394
0.0906704
-0.1547034
0.0665094
0.1655864
-0.1275234
-0.0337654
0.1368664
-0.0558734
0.1388444
0.1159944
0.0323124
0.0387644
0.0076214
-0.2557474
-0.0739604
0.2803624
0.0385874
-0.0343574
-0.0446364
0.0523444
-0.0989824
0.0422264
-0.0758854
0.0541264
-0.0829794
-0.0302774
-0.0272864
-0.0822484
0.1273084
-0.0293034
-0.0401164
-0.0039014
-0.0569244
0.0933874
0.0502164
-0.0951184
-0.1926614
0.0598224
0.0890654
-0.1828864
0.0137174
0.0199304
-0.0347704
0.0625244
-0.1142874
-0.1018624
-0.0880384
0.0128634
-0.0330224
-0.1769384
-0.0883354
-0.1070304
-0.0779004
-0.1328344
-0.1799934
-0.1770754
-0.0171434
0.1123314
-0.0306544
-0.2084074
0.0730514
-0.0974644
-0.1957844
0.1439414
-0.1341064
0.0200554
0.0985544
-0.3969264
-0.2933584
0.0948284
-0.1740954
-0.1580894
-0.0939024
-0.1914234
-0.0865344
0.1329214
-0.0228944
-0.1759474
0.0651384
0.1328494
-0.1509374
-0.0344044
-0.2038504
-0.2240594
-0.1437984
-0.2865554
-0.1198474
-0.1394334
-0.2650214
-0.1180464
-0.2762334
-0.0507884
0.0268654
0.0969394
-0.0432044
0.0351674
-0.0246704
-0.0460594
0.1268534
-0.0455504
-0.1938274
-0.2745324
0.0819324
-0.2678804
-0.1321764
0.1343234
-0.2470214
-0.2445654
-0.0934454
0.0464714
0.2042674
-0.2330184
0.0205874
-0.0186054
0.0150764
0.0251994
-0.0479164
-0.1686024
-0.3066074
0.0081334
0.1803774
-0.0943224
-0.0203194
-0.0200984
0.0683114
-0.1592664
0.1699194
0.0717804
-0.0307344
0.0118764
0.0710284
-0.0160024
0.1572644
0.1367554
0.0501694
-0.1133564
0.0484514
-0.0469314
-0.1137294
-0.0577954
0.0231584
-0.0474894
-0.1077464
-0.0260034
0.1308174
-0.0772544
-0.0922274
-0.0105924
0.0859974
0.1342504
0.1320274
0.0862994
0.0454294
0.1425084
-0.1317054
0.1465904
-0.2360794
-0.0431404
-0.0854824
-0.1504754
-0.0563384
-0.1544484
-0.1439954
-0.0951154
-0.0574884
-0.0261084
0.0308514
-0.0606574
-0.0292314
-0.1001484
-0.0991124
-0.1046364
-0.0795344
-0.0095254
-0.1138874
-0.0407964
-0.1635524
-0.0543284
0.1897614
-0.0754104
-0.1120554
-0.0435514
0.0664674
-0.0182984
0.0076564
0.0950614
0.0695594
-0.0528914
-0.0678974
-0.2135924
-0.1077854
0.0518944
-0.2243104
0.0387034
-0.4214154
-0.3154184
0.1956324
-0.1243494
-0.0031144
-0.1261254
0.1468384
-0.0522794
0.0313794
-0.0966394
-0.2077384
-0.0495224
0.0020754
-0.0842544
-0.0466944
0.0273494
-0.2163454
0.0317204
-0.1019934
-0.0498504
-0.0208604
-0.0169074
-0.1421174
-0.0153834
0.0971614
0.1103074
0.0095664
-0.0451754
0.0610094
0.0564774
-0.0165664
-0.0681484
-0.1430704
-0.1424124
-0.0361664
-0.1977834
-0.4015004
-0.2663294
0.0768074
-0.2135974
-0.1333034
-0.1007044
-0.1150104
-0.0665274
-0.1116144
-0.0676094
0.0132004
0.0539704
0.0260524
0.0260354
-0.1959784
-0.2125024
-0.2335644
-0.2312954
-0.2173974
-0.2975354
-0.1117734
-0.1158064
-0.0648434
-0.0887564
-0.1255834
-0.1587354
-0.2229854
-0.0013834
-0.0384104
-0.0366754
-0.0526684
-0.0596104
-0.0775544
-0.0002654
0.1827364
0.0667434
0.1292744
-0.0812044
0.0539274
-0.0116684
-0.0550854
-0.0290644
-0.2038504
-0.0287624
0.3003944
-0.0518874
-0.1676854
0.1687824
0.0329864
-0.0960164
-0.1068494
-0.1539684
0.0756344
0.0046754
0.0370394
-0.0378564
-0.2902574
-0.0989074
0.1373294
-0.2987264
-0.1059494
-0.0695934
-0.0109894
-0.1375554
-0.1755444
-0.0472854
0.1968394
0.0027864
0.0983554
0.2241564
-0.0342414
0.0804424
0.2058574
0.1225904
-0.0701054
0.1822354
0.1124304
0.0325504
0.1792834
0.1562554
0.1572364
-0.0141154
0.0363984
-0.1089644
-0.0538994
0.0081264
-0.0716064
0.0640434
-0.1155814
-0.2184404
-0.0428394
-0.0591244
0.0821924
-0.1391114
-0.2373724
-0.1274624
0.0640734
0.0993864
-0.2727104
0.0192514
-0.0907794
0.0137894
-0.1139534
0.0718904
0.0331004
0.0232774
-0.0693004
0.0777874
0.0509194
0.0954374
0.2070184
0.0005874
-0.3539734
-0.2086714
0.0277544
0.1581364
-0.0116364
0.0588634
-0.0093474
-0.1246844
0.1434934
0.3378444
0.0254564
-0.0909134
-0.0914854
-0.0021554
-0.1630854
-0.1603714
0.0748624
-0.0112644
-0.1306144
-0.0019034
-0.3037514
-0.2502624
0.1898564
0.1584694
-0.1403374
0.1262874
0.2327064
0.2063114
0.0735454
-0.0166204
0.0280534
0.0735424
-0.0446574
-0.0358244
0.1177424
-0.2785144
-0.3618124
0.0185284
-0.1077734
-0.0567854
0.0526634
-0.0578104
-0.0974014
0.1410234
-0.0198154
-0.0551524
-0.0535704
-0.0323544
0.2425044
0.0183204
-0.1805164
-0.1715164
-0.0128964
-0.0502204
-0.0809464
-0.0313804
0.1672714
0.1263024
-0.2715784
-0.1048334
0.1366144
-0.1032894
-0.0862084
0.0303034
-0.0052234
-0.1567874
-0.1211414
0.0717824
-0.0304914
-0.1510704
0.0159864
0.1985494
0.0613614
-0.0316004
0.0144714
-0.0992914
0.0024964
0.1359294
-0.0356614
-0.0503794
-0.0578344
-0.2153374
-0.0212494
-0.1730544
0.0115254
-0.0748734
-0.1322694
0.1423584
-0.1037054
-0.1416684
0.2034844
-0.1288914
-0.2128414
-0.0085294
-0.2432094
-0.1103894
0.0247334
-0.0869704
-0.0918894
0.0529004
-0.0024094
-0.1014564
0.0206714
0.0229734
-0.1037164
0.1709554
0.1143504
-0.0424754
0.1277074
-0.0451274
0.0809234
-0.0180834
0.0733874
-0.0409834
0.1163864
-0.0739834
-0.0892704
0.1281664
-0.0048164
-0.1275544
0.0468904
-0.1567704
-0.1380594
0.0389944
-0.2031024
-0.1173434
-0.2522484
-0.2150914
-0.0681034
0.0367004
-0.1052314
0.1487164
0.0870234
0.1518914
0.2244994
-0.0205034
0.0872004
-0.1105754
-0.0922004
-0.2459204
-0.0096244
-0.1967434
-0.2832424
-0.1751814
-0.1471674
0.0226284
-0.0445764
-0.1083684
-0.0136784
-0.0760834
-0.0528144
0.1282514
-0.0417754
0.1110774
-0.0773634
-0.1997234
0.0605334
-0.0407084
0.0020314
0.1407544
-0.2802354
-0.1026344
0.0967924
-0.0724394
-0.0513634
-0.2695364
-0.0907044
-0.1311394
0.0436464
-0.0406764
-0.0790904
-0.0960404
0.0760844
-0.0890864
-0.1815744
-0.1520024
-0.0724444
0.0196664
0.0318004
-0.1919114
-0.0611844
0.0831004
-0.1026564
-0.1190014
-0.0353554
-0.1293974
-0.0366204
-0.2106544
-0.0609474
-0.1035024
0.0011484
-0.1527544
0.0207024
0.0253374
-0.1202734
0.1910094
0.1377974
-0.0083664
0.0201404
-0.1901564
0.0746514
-0.0265354
-0.3576654
0.1053524
0.1146364
-0.1877154
0.1209564
-0.0082264
0.0186754
-0.0801644
-0.0158094
-0.0423934
-0.0548114
-0.0409884
-0.0396714
-0.0418254
0.0517294
-0.0309104
-0.0403284
0.2698594
0.1028044
0.1066584
0.0585364
-0.4062124
-0.2053404
-0.0977974
0.1331314
0.0418654
-0.1965934
-0.0044244
-0.0545244
0.0227934
-0.1964744
-0.0627254
0.0180814
0.0519594
-0.0104664
-0.1205414
0.0005614
0.0230394
-0.0492944
-0.2288734
-0.0260584
-0.1487024
0.1628564
0.1186924
-0.1797284
0.0367014
0.0386984
-0.1050974
0.0138534
-0.0965424
-0.1925994
-0.0231364
-0.1095264
-0.1178584
-0.1047554
-0.0987104
0.0940834
0.0899484
-0.0593374
0.1084444
-0.0840854
-0.0243964
-0.0899354
0.0952104
-0.0595324
0.0672594
0.0491384
-0.1386694
-0.0784964
-0.0785594
-0.0645834
-0.1241144
-0.1346674
-0.1414044
-0.0698264
-0.2127454
-0.0430614
-0.0122634
-0.0661114
-0.1157964
0.1039134
0.0377574
0.1443394
-0.0592344
-0.1081384
0.1205364
-0.1445024
0.2324694
0.0762164
0.1148064
-0.0121184
-0.0710984
-0.1273054
-0.0554404
-0.2913544
-0.0576354
0.0674004
0.1510814
0.0408524
-0.0004344
-0.0475154
0.2112754
-0.2997024
-0.1233994
0.1307584
0.0202454
0.1200234
0.1698974
0.2536884
0.3228514
0.0032694
-0.1579014
-0.3108154
-0.1617474
-0.0629194
0.0536574
-0.1228964
0.1028504
0.0158564
0.0892654
-0.0028364
0.0852874
-0.0801084
0.1044154
0.0985624
-0.1547344
-0.0099604
0.0685794
-0.1287694
-0.0903834
0.0043264
0.0371124
-0.1011704
0.0045424
-0.0749144
-0.1252284
0.0105054
-0.0236044
-0.1227284
-0.0553654
0.0006154
-0.0831414
0.0290354
0.0311234
-0.1300774
-0.0436764
0.0911334
-0.0743934
-0.1525454
0.0676644
0.1318634
0.1675694
0.1671464
-0.0767784
-0.0198524
-0.1416444
-0.3348514
-0.2520704
-0.2796504
-0.0352894
-0.1679494
-0.2190624
-0.0796974
0.0482204
0.1411654
0.1195194
0.0242374
-0.0185824
-0.1113944
-0.1150574
-0.1052014
-0.1406414
-0.0237384
-0.2057364
0.0847424
0.0274994
-0.0869304
-0.2364114
-0.1770204
-0.3684364
-0.1468724
0.0199814
-0.0497444
0.1082704
0.0574604
0.0995164
-0.2626374
-0.1247394
0.2348184
-0.2954864
-0.1210474
-0.2417804
0.0319094
-0.0646494
0.1906004
0.0702284
-0.0425434
-0.0648414
0.0766104
-0.0135004
-0.1007624
0.0222244
-0.1303194
-0.2785104
-0.2140014
-0.0457514
0.0654154
-0.1161364
0.0549724
-0.0315464
0.0499374
0.0066264
0.1824494
0.1392974
-0.0654404
0.0203174
0.2188094
0.0949574
0.0021904
-0.0679244
0.0151064
-0.1034824
-0.3649964
-0.2750174
0.0914354
-0.1030774
0.0022174
-0.2346234
0.0781534
-0.0008064
0.0715354
-0.0515394
-0.0093344
0.0337134
-0.1062794
0.1042734
0.1287954
-0.0449424
-0.0249094
-0.2233354
-0.1417484
-0.1419814
-0.1450124
-0.0249594
-0.0689194
-0.1427504
0.1698594
0.1674164
0.1946874
-0.0021204
0.0356774
-0.0374724
-0.1000324
0.1075014
0.1842284
0.0846504
0.0742874
0.0792764
-0.3499474
-0.1769404
-0.0600164
-0.2958774
-0.1970974
-0.2523254
0.0609294
0.0719364
0.0427174
-0.2494354
-0.2019964
-0.1117074
-0.0295524
-0.0801194
-0.0367374
0.0382754
0.0418914
0.0845154
-0.1920324
-0.1418084
-0.1926044
-0.0081224
-0.0415944
-0.1723464
0.1180394
-0.0471024
-0.1337994
0.1031894
-0.1526524
0.1252834
0.0707724
-0.0193584
-0.1517534
-0.0369174
-0.0385194
0.1022034
-0.0752834
0.0355554
-0.2137524
0.0159544
0.0283244
0.1553814
-0.0465024
-0.0050684
-0.1139644
-0.0354064
-0.0490654
0.0777014
0.0558184
0.0150494
0.2086834
0.0440974
0.0446554
-0.1227644
-0.0935244
0.0207634
-0.0783454
-0.1364294
-0.2174284
-0.1995414
-0.0606844
-0.0918114
-0.0655754
0.1074684
-0.2843474
-0.3238544
-0.1938074
-0.0375934
0.1568804
0.0921174
0.0247544
0.0384344
-0.0197264
-0.1660454
-0.0647094
-0.2228044
0.0229324
0.2234884
-0.1914534
0.0120234
0.2577744
-0.0108744
0.1519894
0.0550864
-0.0432944
-0.0791334
-0.1641444
-0.0579394
0.0300474
0.0243364
0.1153924
-0.0542714
-0.1415764
-0.2365514
-0.1555284
0.0479394
-0.2043354
0.0928864
-0.0688144
-0.1643894
-0.0246684
-0.0952934
0.0469574
0.0185824
-0.0666574
-0.0427294
-0.1626804
-0.1421664
0.0816524
0.0892614
-0.1883974
-0.1693274
-0.0072474
0.1995794
-0.0046734
0.0529594
0.1048484
-0.1880584
-0.1709974
-0.0870824
-0.1681764
-0.0392954
-0.0629834
0.0425424
-0.0679624
0.0225264
0.0870714
-0.0767444
-0.2145274
-0.3177974
0.0310694
-0.0119064
0.3320324
0.2152214
-0.1174904
-0.0694044
-0.1018084
0.0277664
-0.1923494
-0.1571964
0.1787644
-0.0142924
-0.0112294
0.0508144
0.0514274
0.0254074
0.0003014
0.0171944
-0.1300804
0.2243894
0.0162394
0.0542824
0.0897044
0.0452804
0.0874554
-0.2088464
-0.0020434
-0.0683994
0.0762454
0.0265514
0.0120554
-0.0426484
0.0759654
0.2077924
-0.0991914
0.0357164
-0.1000424
-0.2345354
-0.0918404
-0.0221724
-0.1701094
0.0367614
0.0514684
-0.2530104
-0.1249644
-0.0610034
0.0961974
0.0882264
-0.0778584
-0.0101164
-0.0931654
-0.0391244
0.0320044
-0.0084554
-0.0664844
0.0837824
-0.0267034
0.0414954
-0.0401224
-0.0565464
-0.0021574
-0.0417324
-0.1407064
-0.0076724
-0.0134114
-0.1093454
-0.2368424
-0.2805644
0.0675064
-0.0649314
0.0022434
-0.1222604
0.1978574
-0.0531084
0.0110014
-0.0725374
-0.2477474
0.1357804
-0.0355044
0.0865314
0.0265664
-0.0210624
0.0702714
-0.2366614
-0.2078774
-0.1638384
-0.0931594
0.0930924
-0.1003524
-0.0854084
-0.0573304
-0.0850634
0.4459704
0.1259934
-0.0156634
-0.0672384
-0.2063284
-0.1552064
-0.1837974
0.0432104
-0.1224054
-0.1338124
0.0352514
0.0590464
0.0209944
0.1124534
0.0219174
0.1400374
-0.0815294
-0.0380784
0.0843964
0.0489054
-0.0296904
-0.2498344
-0.0339044
0.1019264
-0.2251924
-0.0450554
0.0579484
-0.1406304
-0.2628694
-0.0719514
-0.0292644
-0.0264664
-0.0482724
0.0104174
0.1086744
-0.0805444
0.0449334
-0.0053894
0.0412994
0.1194274
0.1376874
0.0783034
-0.1673964
-0.0354244
-0.1048054
0.1277124
0.0369914
-0.1831214
0.0354704
0.0956624
0.1598294
-0.0967524
0.0912654
0.0509594
-0.4084124
-0.4396234
-0.3312624
0.0555824
0.1045104
-0.0623354
-0.1753134
0.1423654
0.0357974
0.2098944
-0.1384104
-0.4299534
0.1462544
-0.0429684
-0.0437824
0.0494754
0.0544024
-0.1092244
-0.0417024
0.0935404
0.1022534
0.0060524
-0.0085164
-0.1065694
0.0554274
-0.0590324
-0.0412614
-0.0248724
0.1364264
-0.0039954
0.0583164
0.0248044
-0.0415734
0.0655224
-0.0353174
0.1076584
-0.2031334
0.1067814
-0.0604164
-0.1702034
-0.1339554
0.0264794
-0.1782504
-0.0640844
-0.1109344
-0.0692184
-0.1798664
0.0340924
0.0538734
-0.0075704
0.0929034
0.0216914
-0.0396524
-0.0181504
-0.1052264
-0.2618734
-0.3083404
-0.2231774
0.1092804
-0.0830854
0.0966904
0.0366964
0.1575704
0.0037554
-0.0206294
-0.0215414
0.0578594
-0.0799184
0.1689814
-0.0804024
-0.1417484
0.0761174
0.0890024
-0.1461064
-0.0160584
-0.0374104
0.0075944
0.0311264
-0.0637554
-0.1723154
-0.2129294
0.1087354
0.0749564
-0.0108454
0.2640454
0.0726254
-0.1410214
0.3024744
0.2331874
-0.1833064
-0.1051874
-0.1726074
-0.0519784
-0.0823944
-0.0847474
-0.0998714
0.0174334
-0.0422314
0.0218904
0.0938864
0.1450484
0.0970084
0.2324094
0.1366124
0.1220424
0.0643374
-0.0496504
-0.2059734
-0.2411224
-0.0123174
-0.0014104
-0.0775644
-0.1187574
-0.1400594
-0.0977754
-0.1438084
-0.2162964
0.2128044
0.0082414
0.0893104
0.2208404
0.0688244
0.0518344
-0.0119794
-0.0310224
-0.1819674
-0.1617444
-0.1658874
-0.1991854
0.0543514
-0.1700454
-0.0424464
-0.0175914
-0.0259584
-0.1473004
0.1053234
-0.0296604
0.1126214
-0.0506584
0.0617514
0.0961814
-0.2426394
-0.3596004
-0.4039524
0.0912274
-0.0114554
-0.0061084
-0.0257004
-0.0062564
-0.0318994
0.1241774
0.1499404
0.0838014
-0.0092584
-0.0151774
0.0744794
0.1691384
0.1001604
0.2485804
-0.0500034
0.0388364
0.0316804
-0.4205634
-0.2559454
-0.3119324
0.0477544
0.1305304
0.1669854
-0.0501594
-0.1092324
0.0437944
-0.1137344
0.0714334
0.1097314
-0.0100904
0.2014564
0.2716844
-0.1674854
-0.2709444
-0.1311134
-0.1217064
-0.1153634
-0.2067174
-0.0640764
-0.0267114
0.0925594
-0.3252654
-0.0508274
-0.1665774
-0.0181434
-0.1756674
-0.1453254
-0.1474244
0.0258524
-0.1490644
-0.0272754
-0.0876924
-0.1398684
0.0501854
0.0848664
0.0669954
-0.2097154
-0.0797634
-0.1368924
0.0690454
-0.0014974
0.0933384
0.0361714
-0.0313694
0.0938304
0.1039074
0.0342634
-0.3188024
0.2065104
-0.1702264
-0.2981824
-0.1334954
-0.1547654
0.0401224
0.1713184
0.0616774
-0.1853204
-0.0044994
-0.1687334
0.0719434
-0.2588504
-0.0137304
0.0287294
0.1173904
-0.1875014
-0.2134574
0.1143274
0.0307844
-0.0228164
-0.2276984
0.0298604
0.1191174
-0.1884514
0.0322454
0.0167494
-0.0338864
-0.1373344
-0.0093964
0.1860654
-0.1016794
0.0154014
0.0067784
0.0177424
-0.2084634
0.0234414
-0.2220234
-0.3667664
-0.1510864
-0.0291914
0.1268554
0.1363614
0.0551944
-0.1431024
-0.0469064
0.2274334
0.1874404
0.1041904
0.1942224
0.1183104
-0.0619294
-0.0801164
-0.1396074
0.1394884
-0.1782714
-0.3263264
0.0701734
-0.2345944
-0.0776534
0.1371524
0.1036224
-0.1288014
0.1337074
-0.0937104
-0.2955704
-0.0557494
-0.1941504
-0.0944544
0.0136834
-0.1768244
-0.1279074
0.1604574
-0.0431654
-0.0882024
-0.0242564
-0.0387224
0.0139394
-0.0947274
-0.3474884
-0.1914434
-0.1572024
-0.0696074
-0.0570104
-0.1019514
-0.1320264
0.0108054
0.0590874
0.0246204
-0.1906734
0.0750954
-0.0232014
-0.0394614
0.1155154
-0.1988474
-0.0963334
0.0791624
-0.0507144
-0.1017624
0.1626724
0.0338884
0.0958494
-0.1119344
-0.1476604
0.0663174
0.1053424
0.2091354
-0.2267874
0.1964614
-0.0641684
-0.0416244
-0.0254104
-0.1438204
-0.0628084
-0.0113814
-0.1970174
-0.1251764
-0.1564944
-0.0312934
-0.0708984
-0.2583134
-0.0056034
0.1464674
0.1357544
0.1811454
-0.0249864
0.0540374
0.0037724
0.0244414
-0.0580364
-0.1904794
0.0940484
-0.3439054
0.0015884
-0.0833744
-0.2153884
0.0432804
0.0082364
-0.0417944
0.1381374
0.1394824
0.1728574
0.1077464
0.0360834
-0.0372024
0.0574054
0.0057934
-0.0077294
-0.1327914
0.1856994
0.0209124
-0.0535344
-0.1572614
-0.0248334
0.0107184
-0.0213464
0.0109794
-0.0305594
0.0875334
-0.1013754
-0.1874944
-0.0967414
0.0445684
-0.0475274
0.1296624
0.1694434
0.1558894
0.0382144
-0.2286844
-0.1987974
-0.2113774
-0.2998074
-0.2356954
-0.2320884
-0.1668574
-0.2992814
-0.2177454
-0.0012514
-0.0086664
-0.0609294
0.0262144
-0.2688024
0.0125204
-0.0290054
-0.0993154
-0.0393024
0.2466534
-0.0037914
0.0756374
0.0255664
-0.0311764
0.2328034
0.0630354
-0.1523234
-0.0316394
0.0043364
-0.2633034
-0.0714374
0.0321464
-0.2498414
-0.0765974
0.0411814
-0.0110144
0.1606204
0.0026474
0.1709954
-0.0409854
0.0790654
0.2164724
-0.0252024
-0.0552044
0.0152884
-0.0316854
-0.2012524
-0.2409914
-0.0516294
-0.1345044
-0.2216164
-0.0442824
-0.0642494
-0.0955484
0.1221854
-0.1799774
-0.1193914
-0.1962774
-0.2145964
0.0347194
0.0013304
-0.0455124
0.1285614
0.0343324
-0.1590824
-0.1976444
-0.0170414
-0.0705524
-0.2402634
-0.2568114
0.0213614
-0.1367004
0.0021514
0.1196714
-0.0147244
-0.0204464
0.0272984
-0.0945184
-0.0487544
-0.0600084
0.1680994
0.0203214
0.0703264
0.2025864
-0.0871274
0.0712814
0.0859834
0.0228234
0.0623144
-0.0893744
-0.0097204
0.0330074
-0.0654354
0.1519804
0.0164874
-0.1430394
0.2247364
0.0746934
0.0181574
-0.0176614
0.0443684
0.0819754
-0.1605564
-0.0018204
-0.0223914
-0.0200074
-0.1431334
0.1429924
0.0777154
-0.0672624
-0.1432394
-0.0779924
-0.1472684
-0.0845414
-0.0199844
-0.0931344
-0.2570954
-0.0739204
-0.0944564
0.0076264
0.0575574
-0.2196354
-0.1172374
0.1073294
-0.1747404
-0.0080674
-0.0236364
0.0668464
0.0805694
0.1317504
-0.0356124
0.1011434
0.0883054
-0.0883204
0.1238534
-0.1216624
-0.1963444
-0.2008934
0.0011444
-0.0504084
-0.0629114
-0.0824134
-0.0367514
-0.0301374
-0.1090404
-0.1028154
-0.0943044
-0.0156164
-0.0514624
0.0218394
-0.0685834
0.1542234
-0.0666934
-0.0796314
0.1503744
-0.1287684
-0.1360344
-0.0592764
-0.0055694
-0.0672324
0.1493314
-0.0553154
-0.1040814
0.1586344
-0.0950554
-0.0867234
0.0968684
-0.0077094
-0.2786944
0.1411244
-0.1321564
-0.2463394
-0.0009204
-0.1681884
0.0313224
0.0855394
-0.1695484
-0.1869254
0.1059174
-0.1640644
-0.1241704
-0.2578684
0.0524704
0.0678474
-0.3463614
0.0239464
-0.0126534
-0.1579574
-0.0974524
0.2000884
-0.0540964
-0.0309824
-0.1762624
-0.0965414
-0.2106184
0.1272674
-0.1297054
-0.1491084
0.0306784
-0.0752894
-0.2317214
-0.1873994
-0.2178714
-0.2596484
-0.0041214
-0.1632354
-0.0880084
-0.0444354
-0.1411184
-0.1446194
0.1046244
-0.2450464
-0.0313994
-0.1374584
-0.1099154
-0.0359324
-0.0917044
0.1377144
-0.0132984
0.0518464
-0.0466294
-0.0171154
-0.1352304
0.0576344
0.0686214
-0.0245414
-0.0533744
0.0747274
0.0552164
-0.2868374
-0.0310524
0.0134904
-0.1723634
0.0482194
0.1682954
0.0201184
0.0844594
-0.1458924
0.1393364
0.0864224
-0.2016384
-0.0231284
0.0187544
-0.4496934
0.0280134
-0.1156254
0.0344054
-0.1753844
-0.0671594
0.1445214
-0.0954274
0.0655214
0.0106484
0.1220334
-0.2161684
-0.1357744
-0.0230824
0.0912454
-0.1343114
-0.1274074
0.0732264
0.0748974
-0.0113464
-0.2720694
-0.1518164
0.1501494
0.0177394
-0.1924634
0.1435874
0.0780424
-0.2813484
-0.0508124
-0.3385124
0.0048234
0.0428724
-0.0788354
-0.1593924
0.1303954
-0.0533204
-0.1493964
0.4452804
0.0926724
0.3150774
0.2323164
0.3363074
0.2197344
-0.1070114
0.0111904
0.0576394
-0.0350264
0.0728614
0.1066904
-0.1098184
-0.1380104
0.0723034
0.0977254
-0.0704794
0.0898064
-0.1596604
0.0605874
0.1290734
-0.2298914
0.0084594
0.0340794
-0.0733254
-0.0808634
-0.2516334
-0.3345014
0.0337834
0.1380014
0.1100354
-0.1139164
-0.0442284
0.1629234
0.0923594
0.0625794
-0.1842964
-0.0323614
0.0874324
-0.2056914
-0.1600224
0.1137234
-0.4537604
-0.2262814
-0.3824154
0.1738814
-0.0255444
-0.1180284
0.1251174
0.1139654
-0.1821624
0.0157004
0.1948484
-0.0795864
0.0464234
-0.2318024
-0.1230224
0.1585274
0.0906834
-0.1497734
-0.1937194
0.1363284
-0.0512164
0.3776874
0.0722704
-0.2788344
0.1504354
0.2497424
-0.0339364
-0.1509074
0.0241464
-0.1308434
-0.1336214
0.0439744
0.1217634
-0.0806894
-0.2145804
-0.0051774
-0.2153134
-0.2112754
-0.2973274
-0.0776184
-0.1915344
0.1497664
0.0962624
-0.1671054
0.1079024
0.1060504
0.0740654
-0.0790384
-0.2209974
-0.2754814
-0.0791894
0.1163404
-0.0929234
-0.1734524
0.0381354
0.1801094
-0.0855614
-0.3409464
0.0931724
0.2368104
0.0571324
-0.1806984
0.0244094
0.1286314
-0.0496044
0.0070654
0.1079354
-0.3079874
-0.0167384
0.0748704
0.0196134
-0.0832704
0.0918244
-0.0230804
0.0436194
-0.1939074
-0.1542914
0.1757234
-0.2718484
-0.1506984
0.0381314
-0.1681584
-0.0755034
0.1257454
-0.0113754
-0.0363384
-0.0904644
-0.1959254
-0.1109724
-0.0180904
-0.1807214
-0.2336634
-0.1279724
0.0612104
-0.0490554
0.0054144
-0.0810074
-0.0227444
0.0609624
-0.1695084
-0.2324344
-0.0401824
0.1551514
0.1103264
0.0249794
0.2074194
0.1420294
0.0512654
0.0312584
0.2189164
0.1610664
-0.0973024
-0.0844204
0.0200264
-0.1160384
-0.1792444
-0.3311264
0.0701364
0.0984134
-0.3651654
0.0636384
0.0644394
-0.1631234
-0.0546344
0.1233674
0.1407714
-0.0791674
0.1530414
0.1966804
0.0715364
0.0227684
-0.3022914
-0.0569794
-0.1110624
-0.1917584
-0.0431784
0.0160774
0.1397164
0.1655124
-0.0503564
-0.1116324
0.1052604
0.0723354
0.0004894
0.0102384
0.1672284
0.1735814
-0.1915054
-0.0586274
0.0372124
-0.2458104
-0.0595574
-0.0109134
-0.0746334
-0.0751924
-0.0841854
-0.0393074
-0.0105734
-0.0086174
-0.0223984
-0.0575074
0.0988194
0.1945884
-0.2599574
-0.0256014
0.0070064
-0.0577494
0.0143684
-0.1455924
0.0797724
0.2095654
-0.1200034
0.0118604
0.0324234
0.1440644
-0.0514574
-0.2839084
-0.1098554
0.0404424
0.1381304
0.0151374
0.1700674
0.0985434
0.0889354
-0.0789844
-0.1420804
-0.0337784
0.1416164
0.0225054
-0.0774434
0.0162314
-0.0209294
0.0645134
-0.0768824
-0.1610944
-0.2264514
-0.0310544
-0.1687744
-0.0442934
-0.1818074
-0.0773914
-0.0269194
0.0805614
-0.3301914
0.1904284
-0.1061354
0.0087674
0.1271934
-0.0737214
0.1419784
-0.2451164
0.1230874
0.1510434
-0.1831994
-0.0136064
0.1012054
-0.0006564
-0.2096134
-0.1247424
0.0726984
-0.1705134
-0.1934504
-0.0738714
0.0930224
0.0639214
-0.0656574
0.1032564
0.1485594
-0.1100564
0.0258134
0.0149654
0.1057104
-0.0643514
0.0520504
0.0634194
-0.0680624
-0.0634144
0.0071454
-0.1740484
-0.1556034
-0.1273124
-0.1552164
-0.1016904
0.0834664
0.0595634
0.0817864
-0.2584254
0.0194684
0.2541254
-0.0804064
-0.1734954
0.1190794
-0.2879274
-0.0381704
0.0838444
-0.0711934
-0.2522514
-0.0145974
-0.0310464
-0.0964294
-0.0761944
-0.1403594
-0.2374374
-0.2480854
0.0430994
0.0048674
0.1499614
-0.1729464
0.0100354
-0.0113414
-0.0058604
0.0434714
-0.0520124
0.0689554
-0.1191504
-0.0800404
-0.2186374
-0.0425924
-0.0189254
-0.0530554
0.0245454
-0.0473004
-0.0211234
0.1298544
0.1315804
0.0278424
-0.0268814
0.0048014
0.1283274
0.1908384
0.0641584
-0.1912724
-0.1022124
-0.0813444
-0.0259914
0.0044414
0.1227134
0.0473194
-0.1227694
0.1614344
0.0199224
-0.0590794
-0.1207044
0.0890684
-0.0285834
-0.0201994
0.1479944
0.2322484
-0.0159494
-0.0034304
0.0199484
0.0761464
0.0481404
0.0244394
0.1299804
-0.0147774
0.0732304
-0.0224984
-0.0137364
0.0806114
0.0828024
0.0143124
-0.1110914
-0.0581914
-0.1648404
0.1103494
-0.0926064
-0.1714414
-0.0544944
0.0372514
-0.0634864
-0.1222994
-0.0412054
-0.0276644
-0.0248894
0.0046174
0.1133984
0.0498124
0.0384604
0.0742234
-0.1414994
-0.0377004
-0.1040734
0.0536194
-0.1681004
0.1135634
-0.0665904
0.1475364
-0.1322444
-0.2568064
-0.2613184
0.0037094
0.1145544
-0.0586274
-0.1920944
-0.0321044
-0.0664494
0.1620744
-0.0423404
0.0810174
0.0149024
-0.0182394
0.0603104
0.0221794
0.0801994
-0.0028004
-0.0956184
-0.0904354
-0.0399654
-0.4132444
-0.0335684
0.0437964
0.1071904
0.1825084
-0.0648694
-0.1781064
0.1002334
-0.0399704
-0.1579224
-0.1163424
0.0010024
0.1368564
0.0740894
0.0364854
-0.0216534
0.0069444
0.0151104
-0.1957434
0.1256744
0.0778454
-0.0739124
-0.1844044
-0.1348994
0.1960254
0.1491624
-0.0772094
0.2561394
0.0964054
0.0331304
-0.2111144
-0.1185724
-0.1442624
-0.3411424
-0.3901314
-0.1545184
-0.2672634
-0.3720524
-0.0357394
-0.0159934
0.0490474
-0.0275614
0.0932004
-0.0531674
-0.0080314
0.2422534
0.1068464
-0.1778414
-0.0899074
0.0347104
-0.2118184
-0.1612454
-0.1785804
0.0287134
0.0936174
-0.1582214
-0.1627204
-0.2391034
-0.0813164
0.1588064
0.2144794
-0.0839064
-0.0691444
0.1845444
-0.0193004
-0.0474694
0.1380644
0.0393744
-0.0124154
0.1207924
0.2999574
-0.1644554
-0.2773524
0.1497084
-0.0833084
0.0123604
0.1498034
0.1013764
-0.2014044
-0.2238344
0.0424964
-0.1766494
-0.0955224
0.1212384
-0.2518754
-0.3067404
-0.2184744
-0.0152054
0.2178544
-0.0436024
-0.4343664
0.0758164
0.0633034
-0.1701074
0.1629054
0.0280644
-0.0610194
-0.4598854
0.0054594
0.1397234
-0.1904634
0.0736864
0.1278374
0.0418394
-0.0452054
0.1839854
-0.0598254
-0.1641934
0.0544644
0.0335264
0.0944624
0.0059414
0.1946194
-0.0050294
-0.0807294
-0.0079914
-0.1485244
-0.0524284
-0.0555634
-0.0663724
-0.1398004
0.0784334
-0.0844344
-0.1772224
0.0339274
0.2336594
-0.0049264
0.0662574
0.0499154
-0.0171224
-0.1634864
-0.0792214
-0.0975914
0.2881294
0.0442564
-0.2464944
0.0683264
0.1097614
-0.0200364
-0.0060654
0.1434034
0.0548914
-0.1843384
-0.0621724
-0.0591094
-0.0258574
-0.1504754
-0.0697804
0.0344444
-0.1621224
0.0150434
-0.1155324
-0.2091214
0.1852144
-0.1110164
-0.2247374
-0.2614834
-0.1308224
0.0359334
-0.0333494
-0.1895494
0.1314114
0.1088674
-0.0884054
-0.1999564
0.1238124
0.1123544
-0.2422464
0.2293064
-0.1028914
0.0478364
0.3382844
-0.1232244
0.1574654
0.0223404
-0.0356234
0.0826904
0.0723144
-0.0209974
0.0068624
-0.1603694
0.0111884
0.0075214
-0.1193174
-0.0616924
-0.0887784
-0.0163204
0.0259794
0.1502654
-0.2796484
-0.0257914
0.2598454
0.0001804
0.0242484
0.0981374
-0.1758374
-0.1504464
0.1555244
-0.1937134
-0.0694994
0.0543544
0.0727214
0.0289464
-0.0528544
-0.1333394
0.0211314
0.2014364
-0.2226164
-0.0001114
0.2331684
-0.0386524
-0.0501514
-0.0409944
0.0418374
-0.1184054
-0.0785624
0.1594374
-0.0756994
0.0767194
-0.2548584
0.0351574
0.0051924
-0.0278554
0.0478134
0.0392834
0.0206704
-0.0264794
-0.2658824
0.0261034
0.0408734
0.0466574
0.1405494
-0.0761994
-0.1308764
0.1454554
0.0581854
0.1315274
-0.0304374
0.0591984
-0.2095294
-0.0229904
-0.0630254
-0.0569144
-0.0856134
-0.0328564
-0.0139924
-0.0981424
0.0426744
-0.0149364
-0.1034874
-0.1607094
-0.0761354
-0.0163754
-0.1310964
-0.0577224
-0.1898904
-0.1034364
-0.0371184
-0.2151494
-0.2242724
-0.2086174
0.0679704
-0.0243154
-0.1290174
-0.1348414
0.1010774
-0.0414214
-0.0453694
-0.0162084
0.0960944
0.0713304
-0.0884484
0.0118204
-0.0793724
-0.0545314
0.1407004
0.0735954
-0.3468064
-0.1338784
0.0450344
-0.0238054
-0.0738594
-0.1296994
-0.0457454
-0.0764874
0.0196134
0.0957684
-0.1805264
0.0632024
-0.0813694
-0.3115964
-0.1451774
-0.0243554
0.1440244
-0.1375114
0.0259524
0.1369194
-0.0682084
-0.3392134
0.0679914
-0.0128164
-0.0410334
-0.0203334
-0.0571424
-0.1578754
0.0744654
-0.0389174
-0.1685614
0.0331024
0.0891794
-0.2453254
-0.4300764
0.1765044
-0.0789934
-0.1869884
-0.0416624
-0.2819764
-0.0903434
-0.1720704
-0.0216204
-0.0805564
-0.0982464
-0.0510994
-0.1926024
0.0637514
-0.0071094
-0.1561744
0.1090214
0.0905634
0.1217114
0.0692024
0.0475004
-0.0017254
0.0193494
-0.0486864
0.0300664
-0.1486374
0.1346354
0.2549284
-0.3842304
-0.0172004
0.1356704
-0.1303664
0.1682314
0.2241774
0.0484934
0.1376714
0.0152634
-0.0158204
-0.0598864
0.0643404
0.1749064
-0.1239254
-0.1429694
0.0110864
-0.0319384
-0.1243544
0.1402774
0.1285454
-0.0033334
-0.0614034
0.0232244
0.0559294
-0.2235764
-0.0464454
-0.0406484
0.0685744
-0.1931984
0.1284494
0.0994654
-0.1942154
-0.0945724
-0.0617544
0.0957514
-0.1563764
0.1986574
-0.0968634
-0.3048204
0.0459224
0.0918744
0.0363394
0.1700674
-0.0628774
-0.1608734
-0.1009024
-0.2147584
-0.2107334
0.3415714
-0.2470034
-0.2129504
0.1402764
0.1185904
-0.0945644
0.0381444
-0.0680644
0.0374174
0.0710574
-0.0773404
0.0555424
0.0087624
0.0703284
-0.1103834
0.0439244
-0.0422084
0.0691264
0.2074734
-0.1859674
-0.0214734
-0.0674244
0.0327854
0.1828864
-0.2240734
-0.0788054
0.2073684
-0.2843624
0.1137184
0.0527204
-0.1829514
0.0773514
0.0259194
0.0411234
-0.0600614
-0.0114824
-0.0247714
-0.1259094
-0.0329754
-0.0524174
0.1182854
0.1830264
0.1001074
0.1970064
0.1353144
-0.3698554
-0.0558174
-0.3287434
0.0649834
-0.0354524
-0.1034334
-0.0575084
0.0224884
0.0312434
0.0534484
0.0496284
-0.1015694
0.0735074
-0.0495804
0.0020074
0.1211904
0.0383244
0.0856114
0.0016874
-0.1843894
-0.0537844
-0.2132314
-0.1162284
-0.2375544
-0.0942694
-0.1403854
0.1814564
-0.0127344
0.0716604
-0.0920844
-0.0825274
-0.0152364
-0.0217284
-0.1413454
-0.0247494
-0.1887554
-0.0176084
-0.1142724
-0.0900264
-0.2104704
-0.2427344
-0.1820294
0.0531674
0.1565254
0.0700574
0.0378394
-0.0527524
-0.0193044
0.0374194
-0.1883474
-0.1198324
-0.0145724
-0.1216644
-0.0025564
-0.0100704
0.0801224
0.1553724
-0.2758234
-0.1353534
-0.2899084
0.0424554
0.0687784
0.1920024
0.0450354
0.0559244
0.0538594
-0.0179744
0.0937554
0.0157314
-0.1875814
-0.1923544
0.0099184
0.1478304
-0.1510334
-0.2228984
0.0222184
0.1923874
0.0190854
-0.0113654
0.0589434
0.0363834
-0.0166534
-0.0871484
-0.1423084
-0.1791554
0.0510404
0.1205444
0.0482294
0.0083594
0.0238904
-0.3312234
-0.1685814
-0.2083224
-0.1825894
-0.0554324
-0.3650194
0.1135104
0.2119754
0.0617704
-0.0855244
0.0172844
0.1675684
-0.1066294
0.0047514
-0.0413474
0.0734474
0.0038774
0.1276184
0.0198934
-0.1326994
-0.1265754
-0.0866464
-0.0685704
-0.0685924
-0.0414624
-0.0212024
-0.0829394
0.0583654
0.1011534
0.0471454
0.1175754
-0.2529184
-0.0930834
-0.0462894
-0.1962074
-0.0522694
0.0987284
0.1282154
-0.0173184
0.0450684
0.1669624
0.1785224
-0.1411964
-0.1157024
0.0801854
-0.0271714
-0.1650214
-0.2067314
-0.0693634
-0.0691764
0.1014634
-0.0840704
0.0746234
-0.0269784
-0.2037034
-0.0207484
-0.0942554
0.0072494
0.0251914
-0.0042594
0.1343044
0.0172454
0.0768314
0.2126624
0.0344734
0.0143694
0.1586484
0.0024364
-0.0094544
0.0305164
-0.1063014
-0.0404604
-0.0550274
-0.1406194
-0.0180644
0.0419954
0.2130464
-0.1501484
0.1742924
0.2053144
-0.1992624
-0.0446964
-0.0318004
-0.0181404
-0.2121924
-0.0562554
-0.1798024
-0.0952884
-0.0250784
-0.2474834
-0.0924424
-0.1249944
0.0043224
-0.0099904
0.0178984
0.0068904
0.0328374
-0.1269484
0.1033484
-0.0387084
0.0517474
0.0758254
-0.0549954
0.0754184
0.2642044
0.2009064
-0.0119014
0.1795904
-0.0330754
0.1087064
0.2180274
0.0128824
-0.1361224
-0.1321684
-0.1977384
-0.0565844
-0.1187324
-0.2353524
-0.0404024
-0.0242914
0.2479924
0.1059524
-0.1940634
0.1560894
0.0251064
-0.0467934
0.0259594
-0.0855944
0.0373394
-0.2218484
-0.0958974
-0.2315334
-0.0101484
0.0309374
-0.1211114
0.1311874
-0.1642504
-0.2990124
-0.0109984
0.0363434
-0.2033874
-0.1370754
-0.0270114
-0.2817694
-0.1245864
-0.1074494
-0.0697354
-0.2971974
-0.1600784
-0.3490894
-0.1395604
0.0145704
-0.1934474
-0.0410234
-0.0299094
-0.2682234
-0.1019354
-0.1104744
-0.0914424
-0.1005034
0.0208034
0.1404904
-0.0238524
-0.1027214
-0.0064034
0.0174334
-0.0735034
-0.1684874
0.2020494
0.0672444
-0.1875584
0.1780644
0.0800454
-0.2425804
-0.0383364
-0.0671714
0.1042414
0.1934274
0.0955984
0.2065314
-0.0375664
-0.0002794
0.1788744
-0.0010864
-0.1125094
-0.0771794
-0.1141624
0.0440654
-0.1166054
0.0070454
-0.1321304
0.0157694
-0.1264324
-0.0088814
0.1999744
-0.3733754
-0.0676504
-0.1602284
0.1456444
0.0529674
0.1243984
-0.1180444
0.0305694
-0.1083524
-0.0533744
0.0781884
0.0833474
-0.2123844
-0.2552164
-0.0306854
0.0856674
-0.0001574
0.1421844
-0.2526154
-0.0446304
-0.1245424
0.1259174
-0.0831454
-0.1225234
-0.0546834
0.0015334
-0.0297004
0.5293644
0.2819154
0.0252154
0.1364004
0.2414674
-0.2714924
0.0090934
-0.0045254
-0.0399264
-0.1112974
0.0912634
-0.0379294
0.0667324
0.0882134
0.0986624
0.1524554
-0.1597504
0.0243074
0.1412724
0.1252474
0.0312664
-0.1931414
-0.3234394
-0.2038404
0.0027434
0.1108114
-0.0548834
-0.0571174
-0.0282604
-0.1876414
-0.0846674
-0.1655894
0.1036784
0.1598114
-0.0027394
-0.0078054
0.1457284
0.1838274
0.1733464
-0.0804774
-0.2645314
-0.2245424
0.0791634
0.1646394
-0.0929124
0.1018934
0.0098324
-0.1816634
-0.0588224
0.0606894
-0.0129254
-0.0537794
-0.0114174
0.0613714
-0.2348834
-0.2624224
0.1444814
-0.0138174
0.0130664
-0.0530044
0.0522774
0.0914454
-0.1867784
0.0944494
0.0794104
-0.1947664
0.2143614
0.1736904
0.1093184
0.0124204
-0.1333934
0.0366954
-0.0195604
0.1238184
0.2884854
-0.0928774
-0.0782724
-0.2867464
0.0720674
0.0434244
-0.0330034
-0.0042014
0.0244654
-0.0022564
-0.0572784
-0.0454154
-0.0724934
-0.1359464
-0.0169914
0.0709144
-0.1788204
0.1036294
0.1221804
-0.2031004
-0.3448714
-0.2640464
0.0674404
0.1351314
0.0798014
-0.0779534
0.1939454
0.0054904
-0.1471974
-0.2827484
-0.1991524
0.0770154
0.0993794
-0.0503234
-0.1495144
-0.0456344
-0.2217354
-0.0679314
0.0134744
-0.0100084
-0.1969484
-0.0412384
0.2592074
-0.4472134
-0.2337104
0.0250504
-0.1860894
-0.0865764
-0.0573034
0.0297054
0.0227734
0.1086604
-0.0630154
0.0519554
0.2504564
0.0449064
0.0386564
0.0556124
0.0833474
-0.0665834
0.1687044
0.0597404
-0.0680374
0.0964714
0.0017114
0.0904184
-0.2016854
-0.1004894
-0.1520544
-0.2093844
0.0477314
0.0402124
0.1189284
-0.1857834
-0.0179074
-0.1029434
0.0391224
0.0765674
-0.0299414
-0.0473294
-0.0657024
-0.0290474
0.0854364
0.1104254
0.1025124
-0.0944634
-0.1219334
-0.2972574
-0.0462634
0.0161164
0.1737904
-0.0004104
-0.1018024
-0.0192994
-0.1951694
-0.1433874
-0.0150574
-0.5120994
-0.2336884
-0.0471054
-0.2430314
-0.2298364
-0.1825614
-0.2687524
-0.2870884
-0.1485394
-0.1474694
0.0619884
0.3290004
0.1310354
-0.0884924
-0.0564094
-0.1770624
0.0824074
-0.0114314
-0.1384874
-0.0675044
0.1236104
0.0385194
0.1622694
-0.1318624
-0.1111464
-0.0928884
0.1354234
-0.3019424
0.1327994
0.2007844
-0.2530124
0.0511194
-0.1330274
0.0640834
-0.1020784
-0.0758214
-0.0654084
-0.1501994
-0.0725284
0.0066724
-0.0835364
-0.0503484
-0.3025234
-0.2192884
-0.1201194
-0.1085034
-0.0891564
0.2474584
0.0619894
0.0053874
0.0976564
0.1183654
0.0506064
-0.1060264
0.1089434
-0.1097374
0.0519784
-0.0259984
-0.0441614
-0.0635394
-0.0847044
-0.0306944
0.1095464
-0.1513304
0.0067074
0.1796004
-0.0249794
-0.1079344
-0.0835224
-0.2130074
-0.3312154
-0.0111394
-0.3475764
0.0519764
0.1950504
-0.2783004
-0.2713194
-0.2449044
0.0814694
0.0271124
0.0396864
-0.1121144
-0.0518084
-0.1222174
0.0866514
0.1686824
0.0899704
-0.3037764
-0.0230734
-0.0267844
-0.4576134
-0.2009944
0.1833594
0.0621114
-0.1933084
0.1022994
0.0601364
0.1968514
0.0134224
-0.5333134
0.0910354
0.1297434
-0.2084474
-0.1404594
-0.0151614
-0.0142724
0.0320494
0.0012364
-0.3066024
0.0506224
-0.0603094
-0.1806134
0.0249034
0.0572564
-0.0182974
0.0496294
0.0825144
0.2706534
0.1088644
0.3789294
-0.1839344
0.0931964
0.2989214
-0.0745064
-0.0932224
-0.0587534
-0.0373284
-0.3085334
-0.0670044
-0.0258394
-0.2397954
-0.0932524
0.2730564
0.0269634
0.0280004
0.0889004
-0.0023414
-0.2723184
-0.0130704
-0.0699734
0.0142474
0.0369544
-0.1023604
-0.1025574
0.0916074
0.1706304
-0.3975264
-0.0049204
0.1538884
-0.1365144
0.1492114
-0.0322494
0.1208394
0.0413854
-0.0351974
-0.2477914
-0.1884914
-0.0709084
-0.0081804
-0.0061694
0.2435604
0.1248614
-0.3556594
0.2205404
0.2324244
-0.1742024
0.0180614
0.0107224
-0.0910554
0.0118994
0.2398634
-0.4090814
-0.2484874
0.3036444
0.1680264
-0.0829254
0.0021854
-0.3911934
0.0447364
0.1277124
-0.2416214
-0.2361944
0.1584294
0.1162504
-0.0832654
-0.0740584
-0.1053374
-0.3911194
-0.0289904
0.0431894
-0.1720094
-0.2129774
-0.0314644
0.0179164
-0.1154164
0.0264014
0.0930174
-0.0656744
-0.0876954
0.0409584
-0.1325854
-0.2745914
-0.0377104
0.1030074
-0.0631644
0.1546414
-0.0469224
-0.3926204
-0.0715324
-0.0939804
-0.2638994
-0.0811054
-0.0004274
0.0915414
-0.0999534
0.0028614
0.0325874
0.1782824
-0.1097014
-0.1251704
0.0562644
-0.1457064
-0.0194914
0.0631354
0.0866184
-0.2634874
0.1439954
0.1895614
-0.0790004
0.0314374
0.1315914
0.1940354
0.0567124
-0.2185204
-0.0075354
-0.1453364
-0.2555244
-0.0602694
-0.2255074
0.1214644
-0.1534134
-0.1878944
0.1158994
-0.1902394
-0.0021944
0.1058144
-0.1750004
0.0042614
0.1213374
-0.1610324
0.0437074
-0.0280674
-0.0564404
0.0294894
0.0063454
0.0174734
0.0824404
0.0012124
-0.1137174
-0.2482454
-0.1723874
-0.0642854
-0.0217434
-0.1199154
-0.2597314
-0.1268004
0.0021104
-0.0879924
-0.0510914
0.0032594
-0.0050454
-0.0227384
0.0216694
-0.1040804
0.0678194
0.0430654
-0.1109604
-0.1328254
-0.1229824
-0.1352834
-0.0176964
0.1513734
-0.0558984
0.0182464
0.0629084
0.1529904
0.0865424
-0.1152414
-0.0272464
-0.0814964
-0.1510634
-0.0788184
-0.0715094
-0.2147074
-0.1666854
-0.2730124
0.0554064
0.0268024
-0.1858694
0.0146904
-0.1724944
-0.0611144
-0.0972964
-0.1287794
-0.3154734
0.0037444
-0.0872634
0.0410404
0.0899104
-0.3266014
0.0302844
0.0231464
-0.0556784
-0.0858554
-0.1226414
0.0037004
-0.1441454
0.0067254
-0.0896814
-0.0588064
0.0243794
-0.0689114
-0.0823094
-0.1177514
-0.1017674
-0.0977084
-0.0026834
0.0105964
-0.2450774
-0.0004394
-0.1849204
-0.3440664
0.0154134
-0.2275874
-0.2321604
-0.0556324
-0.2256244
-0.0062974
0.0622364
-0.0537494
0.0903034
-0.0469824
0.0698924
-0.0569124
0.0594584
0.0657234
-0.0197814
-0.1413024
-0.2414984
-0.1874194
-0.0160114
-0.3417544
0.0543424
0.1490464
-0.2751494
0.0094654
0.1543174
-0.0019354
0.1165204
-0.0132434
0.0875494
-0.1253004
-0.0994334
-0.1049924
-0.0508894
-0.1095594
0.0611804
-0.1974624
0.0904244
-0.0629504
-0.0993834
-0.0375004
-0.0626394
-0.1350884
0.1490574
0.1039844
-0.2538754
-0.2706534
-0.0656624
0.1378404
0.3679214
0.1513374
0.0358124
-0.1594004
0.0206184
0.0390664
-0.2783174
0.0413094
-0.2085824
-0.0212704
-0.3809544
0.0715244
0.0002234
0.0715834
-0.0422264
-0.2025814
-0.2411304
-0.1255394
-0.0051274
0.0183364
0.0704354
0.0315594
0.2055734
0.2731074
-0.1959904
-0.1565784
-0.0495964
-0.1159384
-0.1003284
0.0544334
0.0211894
-0.0219614
-0.1129874
0.1200984
0.1019754
-0.1883044
-0.0219394
0.0260454
0.0772084
-0.0177814
-0.0616714
0.1086624
0.1128084
-0.1302294
-0.0588764
-0.1660094
-0.3113214
0.0374434
0.1913364
-0.1200884
-0.2718344
0.0342784
0.0727574
0.1680334
0.0201314
0.2271084
-0.0886154
-0.2246004
0.1654384
0.0152114
-0.0189344
0.0310644
-0.2887124
0.0343664
-0.2371494
-0.0785794
0.2725894
-0.0881434
-0.0766954
-0.1875774
-0.2155584
-0.1544434
-0.1727544
-0.2213704
0.0439184
-0.0637484
0.2175094
0.1176094
-0.2521354
-0.1372194
-0.0732564
0.2514484
-0.0230714
0.0384314
0.0298854
0.2239234
-0.0302474
0.0456014
-0.0981244
-0.0467024
0.0183314
-0.0707474
0.1381044
-0.1928654
0.0518234
0.1573784
-0.0299784
0.2407904
-0.1798484
0.0179254
-0.3129824
0.1007154
0.1323384
0.0475574
-0.0482994
-0.0959654
-0.0884254
-0.0359874
-0.0606344
-0.0111634
0.0323984
0.0332604
-0.0236094
-0.0011794
-0.1033664
0.1385814
-0.1125754
-0.0501654
-0.3067364
0.0687184
0.0465824
0.1517234
-0.0882024
-0.1780474
-0.1981374
0.0030544
0.0388164
0.2001124
0.1826414
0.0880424
-0.0180134
-0.1052864
-0.0546384
-0.1278854
0.0245324
-0.0108364
0.0236304
0.1046484
0.0064134
0.1927314
0.0884074
-0.2654154
0.0329554
0.0840124
0.0580364
-0.1825794
-0.1549594
0.0636014
-0.1800954
-0.0979184
0.1571994
-0.0637994
0.0480784
-0.0746154
-0.1282714
0.0840484
-0.1809844
-0.0350014
-0.1011474
-0.1707574
0.1277964
0.0963744
0.0840034
0.0340454
0.0783574
0.1110054
-0.0846414
0.2134114
0.2478344
0.0259764
0.3916324
0.0486474
-0.0827414
0.2957864
0.2420904
0.1094984
-0.0716554
0.0093444
0.0091054
-0.1536214
-0.1504644
0.0372384
-0.1836604
-0.2878894
-0.2345404
-0.1158154
-0.0311234
-0.0266264
0.0674324
-0.2030574
0.0152084
0.0742894
0.0778624
-0.2276984
-0.1505924
0.0000554
-0.0906694
-0.0761204
-0.0848394
0.0498244
-0.0346764
0.0541944
-0.1280344
-0.0848424
0.1445584
-0.0306254
0.0284374
-0.1030114
-0.0825064
-0.0480294
-0.0601014
0.0784524
0.1282284
0.1401424
-0.1881964
0.0924514
0.2950224
0.0703304
-0.0133564
0.0324164
-0.0466394
-0.1733854
-0.2389174
0.3277884
-0.0049694
-0.0153704
0.0650164
-0.0330834
0.0404074
0.1130444
0.3570294
-0.0374084
-0.0753674
0.1424934
0.0310204
-0.1468334
-0.0791464
0.1908394
-0.1724034
-0.0109444
0.1316734
-0.0143094
-0.0144774
-0.3697224
0.0211654
0.0549434
-0.0539874
0.0578314
-0.1758294
0.0013164
0.0229594
0.0552094
-0.0908984
-0.0832744
-0.0496454
-0.0926114
-0.2189544
-0.3495644
-0.2142254
0.0403414
-0.1266224
-0.1626414
-0.0763164
0.0462264
-0.0573154
-0.4245514
-0.3003494
0.0965224
0.0517064
-0.1002494
-0.0890554
-0.0568784
0.1799874
-0.0314014
0.0223964
0.0936304
-0.0556164
-0.0246024
0.1472464
0.0389534
-0.1197904
-0.0020654
0.0258694
0.0379144
0.1357254
0.0744974
-0.1871324
-0.2438924
0.1754704
-0.3157534
-0.3378694
0.1790344
0.1256554
-0.0205684
-0.0207474
0.0376014
0.0659704
-0.0877744
0.0146794
-0.2207964
-0.0573374
0.0210164
0.1504944
-0.0997524
-0.0474464
0.0516834
0.0877524
-0.2176504
-0.1305734
0.1091014
-0.0121214
-0.1593204
-0.1338284
0.2180544
0.3663134
0.2178324
0.1744614
0.2642234
0.2653364
-0.2314994
-0.1822954
-0.3172554
0.0782344
-0.1876244
-0.2024294
-0.0684754
-0.2022984
-0.3790314
-0.0114544
-0.0030384
0.0125364
-0.0392154
0.0477544
-0.2651364
-0.0432394
0.2257064
0.0596344
-0.0941904
0.0001584
-0.0706784
0.0515534
0.1080604
-0.1544084
-0.1089254
0.1442134
-0.0638864
0.0896724
-0.1948324
0.0575264
0.0099964
-0.1110944
-0.2238614
0.1092484
0.0977964
-0.0193114
-0.0448214
-0.0152644
0.0217504
0.0960574
0.0672794
0.1124764
0.0301584
-0.0393034
0.0942824
0.0388654
0.1772264
0.4436344
-0.0561774
-0.3379794
-0.0335394
-0.0385084
-0.2366934
-0.1282994
-0.0127284
-0.0929644
-0.1433904
-0.0423334
-0.0126444
0.1857544
-0.1226154
-0.2264944
0.1391974
-0.1528134
-0.3314764
0.2075294
0.0707604
-0.0756804
-0.1917934
0.0443194
0.0057664
-0.1838054
0.0063344
0.0647844
-0.0502674
0.0958064
-0.0687534
-0.0281324
0.0211734
-0.0593674
0.0176384
0.0724354
-0.0966084
0.1460464
0.0774774
-0.2063954
-0.2142524
-0.0203094
-0.3418944
-0.1688274
-0.0478924
-0.0758864
-0.0510674
-0.0001774
0.1341854
0.0500574
-0.0104724
0.1220464
0.0219814
0.0457244
0.1417064
0.0499074
-0.2308674
0.0021154
0.1826434
-0.1133024
-0.2124614
0.0100354
-0.1711694
-0.0573804
0.0219634
-0.0386564
0.0911094
0.0237724
-0.2394584
-0.0307854
-0.1258024
0.1394514
0.1844094
0.0274184
0.1091594
0.0306314
0.1040834
-0.0994484
-0.1630074
0.0234794
-0.0828434
0.0517794
-0.0034524
0.0937244
0.0617864
-0.0337174
0.0646394
0.1112564
0.0063884
-0.2231804
-0.2496704
-0.3058584
0.1571374
0.0279154
-0.0003804
-0.0450184
-0.1119284
-0.1796704
-0.3540264
-0.1065394
-0.0799794
-0.3035094
-0.3355354
-0.1924904
-0.5039204
-0.1744734
-0.2523114
-0.1263464
-0.1034524
-0.0083244
0.0979254
-0.0679614
-0.1265964
0.0917594
0.1825544
0.0234454
0.0783604
-0.1680864
0.0416394
-0.0215894
-0.1125084
-0.0147794
0.0658384
-0.2861004
-0.0965264
-0.1930824
-0.0317284
-0.0269294
0.0031764
-0.0766484
-0.0104234
0.0729574
-0.0153684
0.0823974
0.1573204
0.0294364
0.0449004
0.2129804
0.1385474
0.1050444
-0.3497374
-0.3695304
-0.1740974
0.1780504
0.1227924
0.1507704
-0.1054134
0.1205184
0.2271664
-0.2919034
0.1348034
0.0306994
-0.0756934
-0.0894834
-0.1080884
0.0205784
0.0419884
-0.0983794
-0.3349624
-0.2215284
-0.1084964
-0.2925094
0.0741994
-0.0533774
-0.1332074
-0.0718914
-0.0699554
0.2100404
0.0857064
-0.0410464
-0.1205214
-0.1325964
-0.0345344
0.0689804
-0.1647114
0.0817594
-0.0056434
0.0635564
-0.0625454
0.1121574
0.1724674
-0.0142734
-0.2596244
-0.3063684
0.0316644
-0.0238094
0.0816694
0.1338014
0.1637194
0.2167184
0.1008914
0.0067694
-0.1418004
0.0083044
-0.0768754
-0.0461494
0.0613784
0.0269664
-0.1164374
-0.0511064
0.1517024
0.2182594
0.1658314
-0.2768724
-0.2375104
-0.0195634
-0.0267254
-0.1456074
-0.1106584
-0.0566264
0.0105984
-0.1719614
-0.0776194
-0.0901834
0.4313374
0.0918204
-0.1232234
0.1464034
0.1119934
-0.0434604
0.1235794
0.0199494
0.1148584
-0.0687634
0.0855164
0.0527464
0.0153244
-0.2002184
-0.0809844
0.0233494
-0.0507524
0.0475224
-0.0735924
-0.1887534
-0.2947384
-0.1933424
-0.1365274
-0.2308324
-0.1311174
0.1673504
-0.0003214
-0.1498604
-0.2162354
-0.1513024
-0.4372784
-0.1443834
-0.3230204
0.0214374
-0.1220424
-0.1335484
-0.2204854
0.0995184
-0.0301514
-0.0633424
0.0492414
0.0485564
-0.0504824
0.0031444
-0.0095154
-0.0764964
-0.1451794
0.0969874
0.0805964
-0.0413134
0.1722914
-0.3604584
-0.0838634
-0.0574394
-0.3041854
0.2573734
-0.1104414
-0.1911104
-0.1291844
0.0204414
-0.0130094
0.0704104
-0.0321004
0.0891744
-0.0652224
-0.2860234
-0.0941594
0.0390214
-0.0054274
0.1012224
0.0376494
0.0735884
0.0459774
0.1716164
-0.1903934
0.1079464
0.0364324
0.0691384
0.1330174
-0.0902274
-0.0267604
-0.1427394
-0.0408314
-0.0134104
-0.1382564
0.1229734
-0.2631734
-0.1898094
0.0976344
-0.0755144
0.0622304
0.2228024
-0.0870064
0.0076774
-0.0791134
-0.1341384
0.0522974
-0.1818184
0.0127154
-0.1985624
0.0538714
-0.0212294
0.0539714
-0.1604794
0.0025434
-0.1371174
-0.0443264
0.0403444
0.0045234
0.0410274
-0.2072884
0.1847074
-0.0460744
-0.0786364
0.0956504
0.0109344
0.0603824
-0.1886924
-0.1972504
-0.0452074
0.0716384
-0.1449004
0.1330604
-0.0142324
-0.1018754
0.1072074
-0.2561964
-0.1519764
-0.1316214
-0.0747994
0.0157404
-0.1969214
0.0447464
-0.0109434
0.1688704
0.1737354
-0.2159774
-0.0349114
-0.1013984
0.1847714
0.0152794
-0.2722304
0.1838194
-0.1640164
-0.2810674
-0.0767794
-0.1040854
-0.0835284
-0.1270564
0.1419184
0.0481264
0.0181374
-0.1000404
0.0105964
-0.1309524
-0.1856954
0.1046214
-0.0108054
0.0693394
-0.0927674
-0.1327524
-0.1879174
-0.1760344
-0.0695174
0.0371104
-0.0735104
0.1382164
-0.0300784
-0.4091574
-0.1128894
-0.1215314
-0.1323844
-0.0382064
0.0049444
-0.0305854
0.0629614
0.0728084
-0.0167304
0.0493894
0.0290354
0.1074594
-0.0657944
0.1533034
0.0116374
-0.1965114
-0.0056024
-0.0747134
-0.0041844
-0.1009804
-0.1152224
-0.1267224
0.0454134
0.0569904
-0.0036794
-0.0051484
0.0757794
-0.0809684
0.0354174
0.0018784
0.0584824
-0.0253754
-0.1303454
0.0023194
0.0041214
-0.0038784
0.1191214
0.0974314
-0.1518644
-0.0832254
-0.2065324
-0.1353264
-0.0867624
-0.1566794
-0.1657194
-0.1646704
-0.0132854
-0.0588714
-0.0010444
0.0350954
0.0638224
0.1607804
0.4457864
0.0635844
0.3778374
0.0841084
-0.3394554
-0.1536634
-0.0464594
-0.2575154
0.0643714
0.0150724
-0.2300764
0.0590284
-0.2143224
-0.1939894
0.0717724
-0.0610444
-0.1267884
-0.1691384
0.0938544
0.0962384
0.3571924
0.1797304
-0.2060774
-0.0378514
0.0685024
0.0331564
-0.0571054
-0.0834674
0.0891594
-0.0395764
0.0634024
0.0636604
0.0817654
-0.0784154
0.1112884
-0.0701294
0.1978014
0.1458964
0.0855394
-0.0874414
-0.0282064
-0.2147064
0.0605624
0.0730904
0.1361944
0.1540374
0.0436674
0.1236874
-0.0246384
-0.0085814
-0.0208404
-0.0474824
-0.1266264
0.1599314
-0.0657724
-0.1891484
-0.0081694
0.0130834
-0.2327714
-0.0792104
-0.0378044
0.0100694
0.1502124
0.1335314
-0.0483224
0.2075604
-0.0265104
-0.1886184
0.0643944
-0.1403744
0.0104794
-0.0132244
-0.1013044
0.0094324
-0.1122324
0.0813894
0.1348094
-0.1838274
0.0189294
0.0325304
-0.1319504
0.0758724
-0.0377354
0.0691984
0.0037154
0.1206174
0.1240844
-0.1922494
-0.2297284
-0.2136204
-0.3038244
-0.2496794
-0.1556014
-0.1484264
-0.1797054
-0.0757024
-0.0394784
-0.0929294
0.0154794
-0.1076344
0.0408694
-0.1714924
0.1274504
-0.0341724
-0.0096124
-0.0541644
-0.1138944
-0.2489284
-0.1906104
-0.1198254
-0.1519154
-0.1913724
-0.0321734
-0.0704384
0.1673224
0.1994094
0.1191554
0.1304194
0.0718554
0.1385554
0.0788534
-0.0543174
-0.1116754
-0.0979674
-0.2719104
-0.1576004
-0.4068174
0.0195694
-0.2403954
-0.2704364
-0.3244874
-0.0873294
-0.2372934
-0.2170464
-0.2077664
-0.2348624
-0.1131794
-0.1972374
-0.0121044
0.2184034
-0.0609984
-0.0659824
0.1745534
-0.2957494
0.1899514
0.0635894
0.0365024
0.0160074
-0.0864134
-0.1438444
-0.0732834
-0.0848054
0.0156694
-0.1448274
-0.3354404
0.0871034
-0.1838734
-0.2241954
0.0342654
-0.2133394
-0.0371584
-0.1309704
-0.3519334
0.0351844
-0.2709774
-0.2557794
0.0323824
-0.0563874
-0.1764234
0.0497994
-0.0582804
-0.0361754
0.1042774
-0.1157014
-0.0376934
0.0315544
0.1008194
0.0282724
0.0070104
-0.1171494
-0.0611714
0.1333924
-0.1367024
0.1239014
0.0402524
-0.1400284
0.0536674
0.1188344
-0.0664684
0.1327774
0.1225574
0.0682484
0.0484674
-0.2029424
-0.0486944
-0.1231024
-0.0888554
0.1845014
0.0318764
0.0023384
0.0626604
-0.0837844
0.0790864
